1000.0 11.96073317527771 -1.0 0.0 0.0 0.0
2000.0 23.37914776802063 -0.8 0.4 0.2 0.4000000000000001
3000.0 35.55206227302551 -1.0 0.0 0.0 0.0
4000.0 47.45232081413269 -0.8 0.4 0.2 0.4000000000000001
5000.0 59.63226890563965 -0.5 0.5 0.5 0.5
6000.0 73.80015754699707 -0.6 0.48989794855663565 0.4 0.48989794855663565
7000.0 89.82708024978638 -0.5 0.5 0.5 0.5
8000.0 105.25882983207703 -0.1 0.5385164807134504 0.9 0.5385164807134504
9000.0 123.08215618133545 -0.4 0.66332495807108 0.6 0.66332495807108
10000.0 144.80183124542236 0.4 1.42828568570857 1.4 1.42828568570857
11000.0 169.64665818214417 0.8 1.7776388834631178 1.8 1.7776388834631178
12000.0 196.91407227516174 0.5 0.9219544457292888 1.5 0.9219544457292888
13000.0 222.58285689353943 2.1 2.5865034312755126 3.1 2.5865034312755126
14000.0 245.93647408485413 0.8 1.8330302779823362 1.8 1.8330302779823362
15000.0 264.32144951820374 2.6 2.65329983228432 3.6 2.65329983228432
16000.0 283.8574492931366 0.8 2.1354156504062622 1.8 2.1354156504062622
17000.0 301.84738302230835 1.8 1.9390719429665317 2.8 1.9390719429665317
18000.0 321.9841134548187 4.4 3.4985711369071804 5.4 3.4985711369071804
19000.0 341.83534693717957 2.4 2.6153393661244038 3.4 2.6153393661244038
20000.0 363.49134039878845 4.2 2.6381811916545836 5.2 2.6381811916545836
21000.0 390.682959318161 4.4 3.6386810797320503 5.4 3.6386810797320503
22000.0 412.4123921394348 4.0 2.6832815729997477 5.0 2.6832815729997477
23000.0 434.9393308162689 5.0 3.687817782917155 6.0 3.687817782917155
24000.0 456.04320788383484 5.0 4.219004621945797 6.0 4.219004621945797
25000.0 477.5425498485565 2.3 3.287856444554719 3.3 3.287856444554719
26000.0 499.02616143226624 6.2 3.7894590642992836 7.2 3.7894590642992836
27000.0 520.5881683826447 3.9 3.505709628591621 4.9 3.505709628591621
28000.0 542.4251019954681 4.8 2.7129319932501077 5.8 2.7129319932501077
29000.0 564.5440578460693 6.3 2.4103941586387903 7.3 2.4103941586387903
30000.0 586.9282891750336 7.3 2.758622844826744 8.3 2.7586228448267445
31000.0 609.160938501358 6.4 4.054626986542659 7.4 4.054626986542659
32000.0 630.8597872257233 8.7 3.874274125562103 9.7 3.874274125562103
33000.0 653.4886963367462 7.0 3.7416573867739413 8.0 3.7416573867739413
34000.0 676.3509337902069 7.2 4.190465367951393 8.2 4.190465367951393
35000.0 698.7419555187225 5.6 3.0397368307141326 6.6 3.0397368307141326
36000.0 721.1548759937286 5.8 3.5721142198983507 6.8 3.5721142198983507
37000.0 743.8525540828705 7.9 4.548626166217664 8.9 4.548626166217664
38000.0 767.5699408054352 7.6 3.6110940170535577 8.6 3.6110940170535577
39000.0 789.5670173168182 9.2 4.166533331199932 10.2 4.166533331199932
40000.0 814.217670917511 9.3 3.606937759374287 10.3 3.606937759374287
41000.0 838.2318065166473 9.9 3.269556544854363 10.9 3.269556544854363
42000.0 860.008777141571 9.7 3.1638584039112754 10.7 3.1638584039112754
43000.0 881.6266076564789 8.5 3.4713109915419564 9.5 3.4713109915419564
44000.0 903.3656857013702 9.6 5.730619512757761 10.6 5.730619512757761
45000.0 925.4216737747192 10.1 1.972308292331602 11.1 1.972308292331602
46000.0 948.6656255722046 9.4 2.90516780926679 10.4 2.90516780926679
47000.0 971.1297233104706 10.8 3.627671429443411 11.8 3.627671429443411
48000.0 994.6963148117065 9.7 2.0518284528683193 10.7 2.0518284528683193
49000.0 1016.5368857383728 8.7 4.290687590584987 9.7 4.290687590584987
50000.0 1038.9184427261353 8.2 3.54400902933387 9.2 3.54400902933387
51000.0 1062.1877133846283 5.9 2.5475478405713994 6.9 2.5475478405713994
52000.0 1085.79967045784 10.0 4.6475800154489 11.0 4.6475800154489
53000.0 1108.9854300022125 8.3 2.9 9.3 2.9
54000.0 1131.1303961277008 9.0 3.6606010435446255 10.0 3.6606010435446255
55000.0 1154.1117489337921 7.5 3.2326459750489227 8.5 3.2326459750489227
56000.0 1176.9953572750092 8.7 3.925557285278104 9.7 3.925557285278104
57000.0 1198.9651398658752 9.5 3.2015621187164243 10.5 3.2015621187164243
58000.0 1223.0091288089752 8.1 2.5475478405713994 9.1 2.5475478405713994
59000.0 1245.2982742786407 9.5 4.780167361086848 10.5 4.780167361086848
60000.0 1267.666428565979 10.9 3.806573262134856 11.9 3.806573262134856
61000.0 1291.2618987560272 8.4 3.411744421846396 9.4 3.411744421846396
62000.0 1314.5752470493317 13.9 1.7578395831246947 14.9 1.7578395831246947
63000.0 1337.592901468277 9.7 2.72213151776324 10.7 2.72213151776324
64000.0 1359.4946737289429 6.8 2.785677655436824 7.8 2.785677655436824
65000.0 1382.2841923236847 10.1 2.4269322199023193 11.1 2.4269322199023193
66000.0 1405.0080823898315 8.8 3.4583232931581165 9.8 3.4583232931581165
67000.0 1429.1486012935638 9.8 3.1559467676119 10.8 3.1559467676119
68000.0 1453.1555063724518 10.1 2.9137604568666933 11.1 2.9137604568666933
69000.0 1475.0441749095917 9.2 3.8935844667863564 10.2 3.8935844667863564
70000.0 1496.3889417648315 10.1 3.047950130825634 11.1 3.047950130825634
71000.0 1518.1429018974304 8.3 4.026164427839479 9.3 4.026164427839479
72000.0 1539.7858259677887 10.8 3.893584466786357 11.8 3.893584466786357
73000.0 1561.6458818912506 10.3 3.4655446902326914 11.3 3.4655446902326914
74000.0 1587.706933259964 11.4 2.6907248094147422 12.4 2.6907248094147422
75000.0 1609.6147742271423 10.8 3.2186953878862163 11.8 3.2186953878862163
76000.0 1630.9277510643005 9.2 2.9597297173897488 10.2 2.9597297173897488
77000.0 1654.7927641868591 10.1 3.505709628591621 11.1 3.505709628591621
78000.0 1679.9498369693756 7.4 5.589275444992848 8.4 5.589275444992848
79000.0 1707.76136469841 9.9 3.0149626863362675 10.9 3.0149626863362675
80000.0 1734.002626657486 9.5 2.5787593916455256 10.5 2.5787593916455256
81000.0 1757.3545877933502 11.1 2.071231517720798 12.1 2.071231517720798
82000.0 1780.8386104106903 8.8 3.7363083384538807 9.8 3.7363083384538807
83000.0 1805.2614867687225 9.1 3.6180105030251086 10.1 3.6180105030251086
84000.0 1829.0844209194183 8.2 3.8418745424597094 9.2 3.8418745424597094
85000.0 1852.8151757717133 10.2 2.638181191654584 11.2 2.638181191654584
86000.0 1876.2864835262299 9.6 2.65329983228432 10.6 2.65329983228432
87000.0 1899.3317515850067 8.2 5.287721626560915 9.2 5.287721626560915
88000.0 1923.0430552959442 8.6 2.4979991993593593 9.6 2.4979991993593593
89000.0 1948.0801675319672 11.0 2.280350850198276 12.0 2.280350850198276
90000.0 1972.2523095607758 10.8 2.5612496949731396 11.8 2.5612496949731396
91000.0 1995.5393178462982 11.2 6.2257529665093525 12.2 6.2257529665093525
92000.0 2020.0902454853058 11.2 2.5612496949731396 12.2 2.5612496949731396
93000.0 2043.5204963684082 12.4 3.0066592756745814 13.4 3.0066592756745814
94000.0 2066.82045006752 10.8 3.0919249667480613 11.8 3.0919249667480613
95000.0 2090.2608366012573 8.4 2.90516780926679 9.4 2.90516780926679
96000.0 2113.9755008220673 9.3 3.6891733491393435 10.3 3.6891733491393435
97000.0 2138.359570503235 9.1 2.3430749027719964 10.1 2.3430749027719964
98000.0 2162.3542506694794 11.6 3.006659275674582 12.6 3.006659275674582
99000.0 2185.6661434173584 10.0 1.6733200530681511 11.0 1.6733200530681511
