1000 49.650922775268555 -0.86 0.3746998799039039 0.14 0.3746998799039039

2000 107.55441761016846 -0.92 0.2712931993250107 0.08 0.2712931993250107

3000 174.05847454071045 -0.87 0.36482872693909396 0.13 0.36482872693909396

4000 244.4478783607483 -0.77 0.48692915295759404 0.23 0.48692915295759404

5000 321.6260097026825 -0.85 0.45552167895721496 0.15 0.45552167895721496

6000 394.6311848163605 -0.75 0.5894913061275798 0.25 0.5894913061275798

7000 469.7080285549164 -0.87 0.33630343441600474 0.13 0.33630343441600474

8000 544.0482747554779 -0.71 0.5708765190476833 0.29 0.5708765190476833

9000 626.0830192565918 -0.72 0.5306599664568639 0.28 0.5306599664568639

10000 707.0417506694794 -0.63 0.5595533933415112 0.37 0.5595533933415112

11000 789.2455163002014 -0.71 0.534696175411794 0.29 0.534696175411794

12000 872.591073513031 -0.71 0.5156549233741495 0.29 0.5156549233741495

13000 956.5128314495087 -0.59 0.6179805822192151 0.41 0.6179805822192151

14000 1043.6374244689941 -0.58 0.6508456038109192 0.42 0.6508456038109192

15000 1133.5559005737305 -0.68 0.6462197768561406 0.32 0.6462197768561406

16000 1220.33518075943 -0.57 0.7778817390837761 0.43 0.7778817390837761

17000 1310.6123054027557 -0.66 0.6036555309114628 0.34 0.6036555309114627

18000 1401.9123754501343 -0.53 0.7410128204019145 0.47 0.7410128204019145

19000 1495.818062543869 -0.31 0.8682741502543998 0.69 0.8682741502543998

20000 1588.1184368133545 -0.47 0.7931582439841371 0.53 0.7931582439841371

21000 1679.8038973808289 -0.43 0.7517313349861106 0.57 0.7517313349861106

22000 1773.5803599357605 -0.3 0.8660254037844386 0.7 0.8660254037844386

23000 1868.4168553352356 -0.36 0.842852300228219 0.64 0.842852300228219

24000 1963.1544983386993 -0.37 0.945039681706541 0.63 0.945039681706541

25000 2061.476917028427 -0.33 0.8491760712596653 0.67 0.8491760712596653

26000 2157.972420692444 -0.48 0.8997777503361594 0.52 0.8997777503361594

27000 2260.799933195114 -0.38 0.8219489035213806 0.62 0.8219489035213806

28000 2363.0516653060913 -0.24 0.9810198774744578 0.76 0.9810198774744578

29000 2464.42116522789 -0.38 0.9249864863877741 0.62 0.9249864863877741

30000 2568.867985725403 0.1 1.2609520212918492 1.1 1.2609520212918492

31000 2674.942228078842 -0.24 1.114629983447422 0.76 1.114629983447422

32000 2775.2815697193146 -0.16 1.1110355529864921 0.84 1.1110355529864921

33000 2881.5000610351562 -0.15 1.0428326807307104 0.85 1.0428326807307104

34000 2991.0979385375977 -0.3 0.9643650760992954 0.7 0.9643650760992954

35000 3117.6610181331635 -0.31 1.0265963179361204 0.69 1.0265963179361204

36000 3241.926348209381 0.02 1.039038016628843 1.02 1.039038016628843

37000 3369.7534081935883 0.03 1.25263721803242 1.03 1.2526372180324197

38000 3499.5242516994476 0.18 1.1169601604354562 1.18 1.1169601604354562

39000 3646.775680541992 0.04 1.348480626483006 1.04 1.348480626483006

40000 3795.0601449012756 0.2 1.42828568570857 1.2 1.42828568570857

41000 4069.663589954376 -0.09 0.939095309327014 0.91 0.939095309327014

42000 4207.910292387009 0.08 1.2139192724394816 1.08 1.2139192724394816

43000 4779.93195772171 0.05 1.4097872179871684 1.05 1.4097872179871684

44000 5522.328906774521 0.35 1.6085707942145413 1.35 1.6085707942145413

45000 6343.4710857868195 0.32 1.3991425945914162 1.32 1.3991425945914162

46000 7160.64258813858 0.14 1.1833849753989611 1.14 1.1833849753989611

47000 7983.03390789032 0.27 1.509006295546841 1.27 1.509006295546841

48000 8818.670221328735 0.14 1.3785499628232558 1.14 1.3785499628232558

49000 9598.78669166565 0.22 1.1796609682446901 1.22 1.1796609682446901

50000 10407.619725227356 0.12 1.2512393855693642 1.12 1.2512393855693642

51000 11243.12177157402 0.08 1.2781236246936367 1.08 1.2781236246936367

52000 12021.996589899063 0.35 1.3955285736952863 1.35 1.3955285736952863

53000 12848.969716787338 0.03 1.2605950975630518 1.03 1.2605950975630518

54000 13664.495803833008 0.08 1.0925200226998129 1.08 1.0925200226998129

55000 14488.224291324615 0.04 1.295530779256132 1.04 1.295530779256132

56000 15298.00383400917 0.2 1.2727922061357853 1.2 1.2727922061357853

57000 16110.002643823624 0.35 1.3811227316933132 1.35 1.3811227316933132

58000 16930.287766456604 0.54 1.9463812576162975 1.54 1.9463812576162975

59000 17786.96617770195 0.18 1.252038338071163 1.18 1.252038338071163

60000 18576.758735895157 0.08 1.1889491158161478 1.08 1.1889491158161478

61000 19389.84586572647 0.28 1.4770240350109405 1.28 1.4770240350109405

62000 20212.7569065094 0.17 1.4426018161641139 1.17 1.4426018161641139

63000 21053.134298086166 0.07 1.2510395677195825 1.07 1.2510395677195825

64000 21865.959898471832 0.47 1.6938417871808453 1.47 1.6938417871808453

65000 22703.060502290726 0.44 1.451344204522139 1.44 1.451344204522139

66000 36835.41126847267 0.46 1.452033057474932 1.46 1.452033057474932

67000 36944.85031962395 0.37 1.3088544609695916 1.37 1.3088544609695916

68000 37047.4054877758 0.12 1.3136209498938423 1.12 1.3136209498938423

69000 37149.061824560165 0.45 1.3294735800308328 1.45 1.3294735800308328

70000 37252.9775993824 0.32 1.2237646832622684 1.32 1.2237646832622682

71000 37356.475284814835 0.41 1.2255202976695245 1.41 1.2255202976695245

72000 37461.02275943756 0.33 1.5300653580811507 1.33 1.5300653580811507

73000 37564.77634644508 0.31 1.4676171162806735 1.31 1.4676171162806735

74000 37668.95909309387 0.59 1.470340096712322 1.59 1.470340096712322

75000 37772.24365854263 0.39 1.4825316185498372 1.39 1.4825316185498372

76000 37875.55009317398 0.46 1.6026228502052502 1.46 1.6026228502052502

77000 37991.71601486206 0.76 1.8979989462589277 1.76 1.8979989462589277

78000 38103.63977456093 0.53 1.4863041411501214 1.53 1.4863041411501214

79000 38212.03727531433 0.7 1.5905973720586866 1.7 1.5905973720586866

80000 38332.81703042984 0.77 1.5990934932016951 1.77 1.5990934932016951

81000 38439.37627243996 0.78 1.4253420642077466 1.78 1.4253420642077466

82000 38546.40502905846 1.03 1.905019684937665 2.03 1.905019684937665

83000 38660.82076263428 0.86 1.4967965793654125 1.86 1.4967965793654125

84000 38769.182575941086 1.12 1.9093454375780197 2.12 1.9093454375780197

85000 38883.15147256851 1.0 2.04939015319192 2.0 2.04939015319192

86000 38998.99303269386 0.83 1.6736487086602136 1.83 1.6736487086602136

87000 39113.91048192978 0.52 1.5967466924969658 1.52 1.5967466924969658

88000 39226.764218091965 0.75 1.5898113095584645 1.75 1.5898113095584645

89000 39340.337161779404 0.78 1.7468829382646107 1.78 1.7468829382646107

90000 39451.477424144745 1.28 2.1122499852053496 2.28 2.11224998520535

91000 39562.37886214256 0.85 1.878163997099295 1.85 1.878163997099295

92000 39673.49647498131 1.05 1.7797471730557688 2.05 1.7797471730557688

93000 39784.017817258835 0.97 1.5129771974487918 1.97 1.5129771974487918

94000 39902.74656128883 0.67 1.536587127370264 1.67 1.536587127370264

95000 40016.27528047562 1.24 1.855370582929459 2.24 1.855370582929459

96000 40142.869997024536 0.8 1.6792855623746665 1.8 1.6792855623746665

97000 40259.639511823654 0.94 1.853752950098799 1.94 1.853752950098799

98000 40374.3180937767 0.73 1.8539417466576453 1.73 1.8539417466576453

99000 40488.28566837311 1.35 2.0463381929681126 2.35 2.0463381929681126

100000 40602.90185427666 0.97 1.734675762210333 1.97 1.734675762210333

101000 40718.17060351372 1.0 1.70293863659264 2.0 1.70293863659264

102000 40836.2123234272 0.53 1.5391880976670786 1.53 1.5391880976670786

103000 40969.94706630707 0.88 1.6203703280423274 1.88 1.6203703280423274

104000 41095.30161070824 1.04 1.7024687956024334 2.04 1.7024687956024334

105000 41201.21044754982 0.94 1.725224623056372 1.94 1.725224623056372

106000 41309.849957466125 0.85 1.80208212909401 1.85 1.80208212909401

107000 41419.95823931694 0.79 1.6869795493721904 1.79 1.6869795493721904

108000 41525.28166604042 1.11 1.8379064176393747 2.11 1.8379064176393747

109000 41637.8625831604 0.71 1.8616927780920245 1.71 1.8616927780920245

110000 41742.056304216385 0.92 1.6533602148352307 1.92 1.6533602148352307

111000 41853.11489510536 0.8 1.8110770276274835 1.8 1.8110770276274835

112000 41963.994279146194 1.51 1.8302732036502094 2.51 1.8302732036502094

113000 42082.32880067825 1.3 2.1702534414210706 2.3 2.1702534414210706

114000 42200.969395160675 0.98 2.12122606056026 1.98 2.12122606056026

115000 42312.77196741104 1.29 1.9302590499723087 2.29 1.9302590499723087

116000 42423.131215810776 1.53 2.1515343362354225 2.53 2.151534336235423

117000 42530.469666957855 1.34 1.9298704619740672 2.34 1.9298704619740672

118000 42643.52102088928 1.62 2.110829220946119 2.62 2.110829220946119

119000 42759.207249403 1.65 2.0754517580517255 2.65 2.0754517580517255

120000 42875.13016104698 1.32 2.004395170618808 2.32 2.0043951706188077

121000 42986.762907505035 1.45 2.0850659461993044 2.45 2.085065946199304

122000 43104.49550437927 1.35 2.1511624764298953 2.35 2.1511624764298953

123000 43224.661202669144 1.33 2.0787255711132238 2.33 2.0787255711132238

124000 43335.66799426079 1.19 1.911517721602392 2.19 1.911517721602392

125000 43450.217675447464 1.42 2.088923167567443 2.42 2.088923167567443

126000 43559.9107542038 1.12 1.8508376482014837 2.12 1.8508376482014837

127000 43668.864731788635 1.47 1.9050196849376644 2.47 1.9050196849376644

128000 43780.40148425102 1.79 2.2728616323920816 2.79 2.2728616323920816

129000 43888.16408419609 1.85 2.169677395374713 2.85 2.169677395374713

130000 43996.958483695984 1.83 2.2673993913732975 2.83 2.2673993913732975

131000 44105.07106113434 1.98 2.6114363863590473 2.98 2.6114363863590473

132000 44213.03990960121 1.91 2.5063718798294876 2.91 2.5063718798294876

133000 44328.45678687096 1.34 1.9142622599842478 2.34 1.9142622599842478

134000 44436.6106364727 1.6 2.1587033144922905 2.6 2.1587033144922905

135000 44549.42826342583 1.67 2.258561489089903 2.67 2.258561489089903

136000 44670.26436114311 1.22 1.9625493624365224 2.22 1.9625493624365224

137000 44791.47821855545 1.53 2.183826916218407 2.53 2.183826916218407

138000 44908.68120121956 1.88 2.367614833540287 2.88 2.367614833540287

139000 45028.201280117035 2.12 2.581782330096788 3.12 2.581782330096788

140000 45142.59247255325 1.68 2.125464655081331 2.68 2.125464655081331

141000 45258.914615392685 1.81 2.3609108411797344 2.81 2.3609108411797344

142000 45366.59243106842 1.97 2.418491265231281 2.97 2.418491265231281

143000 45477.943551301956 1.68 2.0682359633272025 2.68 2.0682359633272025

144000 45582.00021529198 1.73 2.2174534944390607 2.73 2.2174534944390607

145000 45690.88614869118 1.34 2.030861885998159 2.34 2.030861885998159

146000 45806.942986249924 1.58 2.241338885577101 2.58 2.241338885577101

147000 45911.2058031559 1.7 2.0952326839756963 2.7 2.0952326839756967

148000 46030.11122107506 1.8 2.379075450674064 2.8 2.3790754506740637

149000 46142.49527263641 1.95 2.1834605560898046 2.95 2.1834605560898046

150000 46258.2845556736 1.91 2.2938831705211142 2.91 2.2938831705211142

151000 46382.66332101822 2.04 2.253530563360524 3.04 2.253530563360524

152000 46499.66547322273 1.73 2.436616506551657 2.73 2.436616506551657

153000 46609.14501810074 2.05 2.5391927851189244 3.05 2.5391927851189244

154000 46719.916908979416 1.87 2.243457153591305 2.87 2.243457153591305

155000 46836.26114153862 2.1 2.4269322199023193 3.1 2.4269322199023193

156000 46955.0579020977 2.08 2.7809350945320532 3.08 2.7809350945320532

157000 47070.951343774796 2.03 2.475701920668157 3.03 2.475701920668157

158000 47189.08168411255 2.26 2.77351762208211 3.26 2.77351762208211

159000 47308.706966876984 2.53 2.6170785238505934 3.53 2.6170785238505934

160000 47429.26291489601 2.16 2.2168446043870556 3.16 2.2168446043870556

161000 47546.16108942032 2.21 2.434317152714494 3.21 2.434317152714494

162000 47663.32568526268 2.35 2.4713356712514796 3.35 2.4713356712514796

163000 47777.545773506165 2.81 2.921283964286937 3.81 2.921283964286937

164000 47894.982988357544 2.01 2.563181616663166 3.01 2.563181616663166

165000 48012.84518480301 1.82 2.242231031807383 2.82 2.242231031807383

166000 48125.51042890549 2.64 2.8827764394763595 3.64 2.8827764394763595

167000 48243.58988285065 2.8 2.7640549922170505 3.8 2.7640549922170505

168000 48363.15378856659 2.83 2.9767599836063368 3.83 2.9767599836063368

169000 48481.980642318726 1.94 2.456908626709589 2.94 2.456908626709589

170000 48596.36852002144 1.64 2.2068982758613953 2.64 2.2068982758613953

171000 48707.04567694664 2.05 2.3553131426627756 3.05 2.3553131426627756

172000 48824.1023542881 2.09 2.980251667225438 3.09 2.980251667225438

173000 48941.64087891579 2.62 3.052146785461014 3.62 3.052146785461014

174000 49062.88538861275 2.25 2.68467875173176 3.25 2.68467875173176

175000 49182.27676296234 1.94 2.517220689570146 2.94 2.517220689570146

176000 49293.78707695007 1.53 2.192966028008642 2.53 2.192966028008642

177000 49410.454481840134 2.07 2.6655393450482023 3.07 2.6655393450482023

178000 49528.365757226944 1.86 2.4042462436281355 2.86 2.4042462436281355

179000 49644.75828695297 2.27 2.7707580190265624 3.27 2.7707580190265624

180000 49763.31011199951 1.87 2.166356388039604 2.87 2.166356388039604

181000 49876.513459682465 2.21 2.5031779800885112 3.21 2.5031779800885112

182000 49987.42665600777 2.04 2.4856387509048856 3.04 2.4856387509048856

183000 50099.32745432854 2.87 3.090808955597224 3.87 3.090808955597224

184000 50214.43945026398 2.66 2.8955828428832766 3.66 2.8955828428832766

185000 50330.97729635239 2.72 3.146680790928752 3.72 3.146680790928752

186000 50445.014177560806 2.72 3.190861952513772 3.72 3.190861952513772

187000 50562.32571339607 2.88 2.9539126595077247 3.88 2.9539126595077247

188000 50677.70503401756 2.17 2.867246065478162 3.17 2.867246065478162

189000 50790.05082297325 2.6 2.668332812825267 3.6 2.668332812825267

190000 50905.29131555557 2.08 2.3777300099044045 3.08 2.3777300099044045

191000 51017.007456064224 2.95 3.027787971440537 3.95 3.027787971440537

192000 51132.34999728203 2.3 2.6362852652928135 3.3 2.6362852652928135

193000 51250.72105669975 2.04 2.5648391762447798 3.04 2.5648391762447798

194000 51377.648643016815 2.52 2.381092186371624 3.52 2.381092186371624

195000 51503.615670681 3.06 2.7343006418461013 4.06 2.7343006418461013

196000 51636.34359264374 2.94 3.2490614029285436 3.94 3.2490614029285436

197000 51770.97699046135 2.42 2.550215677153601 3.42 2.550215677153601

198000 51894.6194331646 2.79 3.050557326129112 3.79 3.050557326129112

199000 52017.82569479942 3.15 3.0834234221073173 4.15 3.0834234221073173

200000 52149.95035600662 2.89 3.532407111305264 3.89 3.532407111305264

201000 52270.65851664543 2.43 2.8574639105332547 3.43 2.8574639105332547

202000 52389.572791814804 2.77 3.4952968400409143 3.77 3.4952968400409143

203000 52516.65451526642 2.63 2.8165759354222994 3.63 2.8165759354222994

204000 52641.213386535645 3.4 3.111269837220809 4.4 3.111269837220809

205000 52777.83301949501 3.4 3.003331483536241 4.4 3.003331483536241

206000 52914.4756860733 3.16 3.2549039924397154 4.16 3.2549039924397154

207000 53047.85402536392 2.93 3.2380704130701043 3.93 3.2380704130701043

208000 53188.1786198616 3.26 3.217514568731586 4.26 3.217514568731586

209000 53333.88622403145 2.92 3.0876528302255744 3.92 3.0876528302255744

210000 53466.65996837616 4.02 3.495654445164739 5.02 3.495654445164739

211000 53603.27896618843 3.25 3.3357907608241857 4.25 3.3357907608241857

212000 53736.524711847305 3.3 2.875760768909682 4.3 2.875760768909682

213000 53869.46198129654 3.64 3.339221466150456 4.64 3.339221466150456

214000 54001.634199380875 3.71 3.7129368429856173 4.71 3.7129368429856173

215000 54135.6095225811 2.82 3.001266399372105 3.82 3.001266399372105

216000 54268.32061505318 3.69 3.2517533731819213 4.69 3.2517533731819213

217000 54398.5199546814 2.72 2.7967123556061324 3.72 2.7967123556061324

218000 54528.58374810219 3.34 2.9299146745255227 4.34 2.9299146745255227

219000 54661.13324904442 3.11 3.292096596395677 4.11 3.2920965963956768

220000 54788.64144062996 4.07 3.847739596178515 5.07 3.847739596178515

221000 54920.35416650772 4.2 3.3376638536557275 5.2 3.3376638536557275

222000 55059.41264748573 3.27 3.0260700586734606 4.27 3.0260700586734606

223000 55194.14913535118 4.36 3.7590424312582584 5.36 3.7590424312582584

224000 55329.43396091461 4.07 3.6228579878322584 5.07 3.6228579878322584

225000 55459.95297861099 4.04 3.6136408233248636 5.04 3.6136408233248636

226000 55590.386177778244 4.07 3.642128498556853 5.07 3.642128498556853

227000 55720.35961031914 3.1 3.057776970284131 4.1 3.057776970284131

228000 55847.23938179016 3.63 3.393095931446678 4.63 3.393095931446678

229000 55968.63554644585 3.73 3.8466998843164255 4.73 3.8466998843164255

230000 56086.50851225853 3.02 3.60826828270848 4.02 3.60826828270848

231000 56223.6618578434 2.46 2.654882294942659 3.46 2.654882294942659

232000 56351.095781326294 3.45 3.332791622649097 4.45 3.332791622649097

233000 56469.483697891235 3.79 3.4793533882030436 4.79 3.4793533882030436

234000 56603.51945948601 3.82 3.26 4.82 3.26

235000 56735.80087137222 3.66 3.4123891923401706 4.66 3.4123891923401706

236000 56868.5791990757 3.16 3.54039545813741 4.16 3.54039545813741

237000 56993.5630300045 3.69 3.7965642362536163 4.69 3.7965642362536163

238000 57127.739335775375 3.24 3.3589284005468176 4.24 3.3589284005468176

239000 57258.283883333206 2.84 2.6027677575995907 3.84 2.6027677575995907

240000 57388.08670735359 3.95 4.085033659592048 4.95 4.085033659592048

241000 57524.90657401085 4.59 3.826473572363985 5.59 3.826473572363985

242000 57661.20099067688 3.7 3.392639090737475 4.7 3.392639090737475

243000 57787.99419474602 3.31 3.560042134582117 4.31 3.5600421345821176

244000 57915.57082986832 3.52 3.413151036798694 4.52 3.413151036798694

245000 58042.55179429054 3.69 3.4487533979686047 4.69 3.4487533979686047

246000 58172.195232868195 3.78 2.9952629266894086 4.78 2.995262926689408

247000 58300.13543796539 4.49 3.976166495507953 5.49 3.976166495507953

248000 58437.10311341286 3.3 3.491418050019218 4.3 3.491418050019218

249000 58561.55510473251 3.28 2.8812497288503125 4.28 2.8812497288503125

250000 58682.563930273056 3.48 3.3748481447318484 4.48 3.3748481447318484

251000 58802.655866622925 3.47 3.064163833739965 4.47 3.064163833739965

252000 58933.73512983322 3.22 3.1767278762903186 4.22 3.1767278762903186

253000 59057.019891262054 3.31 3.692411136371463 4.31 3.6924111363714633

254000 59183.60385131836 3.42 3.672002178648591 4.42 3.672002178648591

255000 59309.617627859116 4.41 3.8264735723639856 5.41 3.8264735723639856

256000 59440.41178226471 4.11 3.5380644426013497 5.11 3.5380644426013497

257000 59561.29584527016 3.95 3.442019755899144 4.95 3.442019755899144

258000 59681.40858244896 4.11 3.4435301653971324 5.11 3.4435301653971324

259000 59825.165753126144 3.95 3.35670969849941 4.95 3.35670969849941

260000 59951.71338367462 3.73 3.540776750940392 4.73 3.5407767509403922

261000 60077.407041311264 4.14 4.3382484944963675 5.14 4.3382484944963675

262000 60206.30599975586 3.37 3.2547042876427343 4.37 3.2547042876427343

263000 60330.45041561127 4.81 3.69782368427701 5.81 3.69782368427701

264000 60457.55532002449 4.09 3.7392378902658763 5.09 3.7392378902658763

265000 60582.19120764732 3.13 3.3753666467511354 4.13 3.3753666467511354

266000 60705.17119717598 3.57 3.2442410514633466 4.57 3.2442410514633466

267000 60830.23310995102 3.57 3.467722595594982 4.57 3.4677225955949824

268000 60957.19399642944 4.44 3.829673615335907 5.44 3.829673615335907

269000 61090.33711361885 4.75 4.269367634673781 5.75 4.269367634673781

270000 61226.15742301941 4.24 3.8003157763533277 5.24 3.8003157763533277

271000 61358.39357304573 5.3 3.8639358172723313 6.3 3.8639358172723313

272000 61494.34933447838 4.95 4.548351349665063 5.95 4.548351349665063

273000 61632.54823040962 4.15 4.136121371526711 5.15 4.136121371526711

274000 61765.75275802612 4.66 3.6033872953097887 5.66 3.6033872953097887

275000 61899.54616689682 3.87 3.4746366716535997 4.87 3.4746366716535997

276000 62031.42278933525 4.97 4.250776399671007 5.97 4.250776399671007

277000 62166.2677526474 3.86 3.6715664232041343 4.86 3.6715664232041343

278000 62295.39439535141 3.58 3.308111243595052 4.58 3.308111243595052

279000 62416.70846939087 4.04 3.682173271316818 5.04 3.682173271316818

280000 62550.50986933708 4.32 3.851960539777114 5.32 3.851960539777114

281000 62682.82748770714 3.24 3.641757817318444 4.24 3.641757817318444

282000 62814.54904580116 3.95 3.5478866949213583 4.95 3.5478866949213583

283000 62946.051964998245 4.38 3.6049410536096147 5.38 3.6049410536096147

284000 63081.61074376106 4.44 4.101999512432931 5.44 4.101999512432931

285000 63214.402265787125 4.47 4.0210819439548855 5.47 4.0210819439548855

286000 63349.6087539196 5.34 4.224263249372605 6.34 4.224263249372605

287000 63484.41900062561 4.31 3.743514391584464 5.31 3.743514391584464

288000 63616.0256588459 4.19 3.667955833976194 5.19 3.667955833976194

289000 63757.20856285095 4.19 3.8799355664752992 5.19 3.8799355664752992

290000 63892.526582956314 3.34 3.2441331661940143 4.34 3.2441331661940143

291000 64028.08627295494 4.78 4.281541778378438 5.78 4.281541778378438

292000 64167.063369989395 4.85 4.015905875391005 5.85 4.015905875391005

293000 64303.88623428345 4.71 3.8634052337284004 5.71 3.8634052337284004

294000 64439.2933549881 4.74 4.201475931146102 5.74 4.201475931146102

295000 64572.22975063324 4.71 4.325031791790669 5.71 4.325031791790669

296000 64704.10182714462 4.7 4.12189276910499 5.7 4.12189276910499

297000 64831.74521780014 4.59 4.07699644346178 5.59 4.07699644346178

298000 64963.10902309418 4.25 3.2905166767545793 5.25 3.2905166767545793

299000 65085.031067848206 4.69 3.923506085123355 5.69 3.923506085123355

300000 65220.569199323654 4.52 4.131537244174376 5.52 4.131537244174376

301000 65358.1668920517 4.72 4.052357338636365 5.72 4.052357338636365

302000 65491.08887505531 5.0 3.671511950137164 6.0 3.671511950137164

303000 65623.3067085743 4.89 4.086306400650837 5.89 4.086306400650837

304000 65753.43044376373 6.18 4.41447618636685 7.18 4.41447618636685

305000 65890.53690958023 5.44 4.27392091644195 6.44 4.27392091644195

306000 66023.19582462311 4.4 3.566510900025402 5.4 3.566510900025402

307000 66153.60159659386 4.51 3.8794200597511996 5.51 3.8794200597511996

308000 66285.47760510445 5.08 3.8227738620012564 6.08 3.8227738620012564

309000 66416.75189328194 4.85 4.169832130913665 5.85 4.169832130913665

310000 66549.81303572655 4.36 3.5875339719645862 5.36 3.5875339719645862

311000 66680.20796632767 3.98 3.8130827423490303 4.98 3.8130827423490303

312000 66805.30500793457 5.47 4.255478821472385 6.47 4.255478821472385

313000 66944.09305429459 5.13 3.7753278003373434 6.13 3.7753278003373434

314000 67078.7394888401 4.98 3.9242324090196288 5.98 3.9242324090196288

315000 67212.00093722343 5.04 3.76807643234582 6.04 3.76807643234582

316000 67346.3671605587 4.14 4.096388653436097 5.14 4.096388653436097

317000 67478.59149551392 4.42 3.655625801418958 5.42 3.655625801418958

318000 67622.1371190548 3.61 3.5437127423085517 4.61 3.543712742308552

319000 67762.26016569138 4.61 3.7037683512876454 5.61 3.7037683512876454

320000 67899.76763296127 4.05 3.592700933837939 5.05 3.592700933837939

321000 68032.87991428375 4.59 3.9296183020746427 5.59 3.9296183020746427

322000 68168.01439023018 2.63 2.951796063416306 3.63 2.951796063416306

323000 68296.75890517235 4.36 3.6647510147348346 5.36 3.6647510147348346

324000 68433.98878121376 4.19 3.529008359298685 5.19 3.529008359298685

325000 68558.97005796432 5.07 4.17433827091193 6.07 4.17433827091193

326000 68693.26611566544 3.84 3.908247689182455 4.84 3.908247689182455

327000 68823.23631691933 4.81 3.9235060851233556 5.81 3.9235060851233556

328000 68950.42717409134 4.19 3.716705530439558 5.19 3.716705530439558

329000 69080.72802042961 4.78 3.935936991365588 5.78 3.935936991365588

330000 69214.62477445602 4.32 3.9009742372899616 5.32 3.9009742372899616

331000 69347.21763157845 3.7 3.488552708502482 4.7 3.488552708502482

332000 69484.6285982132 4.42 3.929834602117499 5.42 3.929834602117499

333000 69616.21133565903 5.46 4.102243288738492 6.46 4.102243288738492

334000 69756.87140107155 5.57 4.128571181413736 6.57 4.128571181413736

335000 69891.39639234543 5.0 4.523273151159457 6.0 4.523273151159457

336000 70021.0758690834 4.44 4.089792170758803 5.44 4.089792170758803

337000 70151.55354857445 4.02 3.8755128692858185 5.02 3.8755128692858185

338000 70287.1173722744 4.0 3.8961519477556315 5.0 3.8961519477556315

339000 70429.00615000725 5.49 3.8897172133716866 6.49 3.8897172133716866

340000 70566.07799887657 5.13 4.146456318351853 6.13 4.146456318351853

341000 70701.2039616108 4.86 3.891066691795452 5.86 3.891066691795452

342000 70830.69748449326 5.02 4.498844296038706 6.02 4.498844296038706

343000 70962.19262719154 4.35 3.8687853390954627 5.35 3.8687853390954627

344000 71085.82040071487 5.58 4.05753619823656 6.58 4.05753619823656

345000 71216.5383837223 4.49 3.8845720485016106 5.49 3.8845720485016106

346000 71342.16820430756 4.28 3.789670170344644 5.28 3.789670170344644

347000 71490.22776579857 4.7 3.9711459303329564 5.7 3.9711459303329564

348000 71629.40280604362 4.56 3.808726821393207 5.56 3.808726821393207

349000 71762.18499684334 4.65 3.9783790669065207 5.65 3.9783790669065207

350000 71891.85967755318 4.23 3.7969856465359464 5.23 3.7969856465359464

351000 72025.21127963066 4.69 4.100475582173366 5.69 4.100475582173366

352000 72157.55715155602 5.26 4.129455169874108 6.26 4.129455169874108

353000 72295.60303711891 4.54 3.721343843291023 5.54 3.721343843291023

354000 72428.47482037544 5.04 4.187887295522648 6.04 4.187887295522648

355000 72563.29168009758 5.21 4.731374007621887 6.21 4.731374007621887

356000 72699.36188578606 5.61 4.69445417487486 6.61 4.69445417487486

357000 72835.78067278862 4.94 4.511806733449473 5.94 4.511806733449473

358000 72977.67146420479 5.74 4.119757274403432 6.74 4.119757274403432

359000 73132.91589617729 5.95 4.111873052515119 6.95 4.111873052515119

360000 73288.08443164825 5.59 4.777227229261761 6.59 4.777227229261761

361000 73429.99841070175 4.74 3.517442252546586 5.74 3.517442252546586

362000 73572.13196778297 5.83 4.252187672245899 6.83 4.252187672245899

363000 73723.27229261398 4.78 3.772479290864298 5.78 3.772479290864298

364000 73864.097022295 5.53 4.165225083954048 6.53 4.165225083954048

365000 74007.3600230217 5.27 4.404213891263684 6.27 4.404213891263684

366000 74143.4182715416 4.72 4.103851849177794 5.72 4.103851849177794

367000 74274.73403120041 5.23 3.817996856991896 6.23 3.817996856991896

368000 74417.27511167526 4.14 3.802683263170889 5.14 3.802683263170889

369000 74562.8479526043 4.34 4.087101662547679 5.34 4.087101662547679

370000 74708.88795638084 4.41 4.057326706096022 5.41 4.057326706096022

371000 74843.00796985626 4.98 4.057043258334819 5.98 4.057043258334819

372000 74983.5427570343 5.16 3.910805543618859 6.16 3.910805543618859

373000 75129.19918346405 5.63 4.066091489378959 6.63 4.066091489378959

374000 75275.95317697525 6.36 4.54867013532527 7.36 4.54867013532527

375000 75425.15806484222 4.2 3.6110940170535577 5.2 3.6110940170535577

376000 75560.99496030807 4.84 3.822878496630517 5.84 3.822878496630517

377000 75699.87524747849 5.92 4.448999887615193 6.92 4.448999887615193

378000 75843.97474837303 6.08 4.815973421853571 7.08 4.815973421853571

379000 75991.64873361588 6.09 4.130605282522163 7.09 4.130605282522163

380000 76144.23130226135 5.5 4.376071297408213 6.5 4.376071297408213

381000 76276.87332081795 5.43 4.070024569950408 6.43 4.070024569950408

382000 76411.09120607376 4.91 4.2334265081609725 5.91 4.2334265081609725

383000 76543.77893042564 4.82 4.628995571395592 5.82 4.628995571395592

384000 76682.31675672531 5.44 4.311194730002346 6.44 4.311194730002346

385000 76831.87250566483 5.61 3.846803868148206 6.61 3.846803868148206

386000 76978.29967617989 5.95 4.565906262725945 6.95 4.565906262725945

387000 77121.99081730843 5.44 4.680427330917552 6.44 4.680427330917552

388000 77257.82671093941 6.24 4.45896849058165 7.24 4.45896849058165

389000 77390.0432562828 5.76 4.802332766479225 6.76 4.802332766479225

390000 77525.08498597145 6.35 4.455053310567675 7.35 4.455053310567675

391000 77682.1106543541 5.55 4.09237095092808 6.55 4.09237095092808

392000 77820.98918366432 6.07 4.810935459970337 7.07 4.810935459970337

393000 77959.10476064682 6.69 4.251340964919186 7.69 4.251340964919186

394000 78101.38950753212 7.1 4.825971404805461 8.1 4.825971404805461

395000 78240.88808846474 5.46 4.082695188230442 6.46 4.082695188230442

396000 78374.55676484108 5.44 4.3204629381583635 6.44 4.3204629381583635

397000 78510.13911771774 5.98 4.244949940812024 6.98 4.244949940812024

398000 78643.26179933548 6.59 4.523483171185674 7.59 4.523483171185674

399000 78777.6785736084 6.57 4.806776466614607 7.57 4.806776466614607

400000 78913.66484880447 6.35 4.405394420480418 7.35 4.405394420480418

401000 79054.31770372391 4.7 3.4452866353904428 5.7 3.4452866353904428

402000 79185.3913910389 5.76 4.404815546648917 6.76 4.404815546648917

403000 79321.66824007034 6.15 4.746314359584709 7.15 4.746314359584709

404000 79461.04654145241 4.85 4.136121371526711 5.85 4.136121371526711

405000 79603.15324425697 6.1 4.471017781221631 7.1 4.471017781221631

406000 79741.71188259125 5.26 3.697620856713138 6.26 3.697620856713138

407000 79879.4491944313 6.83 5.05382033713111 7.83 5.05382033713111

408000 80022.24383211136 5.81 4.314382922272894 6.81 4.314382922272894

409000 80157.29939317703 5.49 4.491091181439094 6.49 4.491091181439094

410000 80293.71931052208 5.34 4.109063153566759 6.34 4.109063153566759

411000 80427.99404001236 6.08 3.7806877681183884 7.08 3.7806877681183884

412000 80566.27306771278 6.07 5.154134262900026 7.07 5.154134262900026

413000 80705.06432723999 7.31 4.575357909497354 8.31 4.575357909497354

414000 80849.25156259537 5.7 3.948417404479927 6.7 3.948417404479927

415000 80995.19917178154 5.24 4.257041226016022 6.24 4.257041226016022

416000 81133.99315977097 5.4 4.310452412450461 6.4 4.310452412450461

417000 81272.77048683167 5.98 4.237876826902831 6.98 4.237876826902831

418000 81420.55135560036 5.63 4.7490104232355606 6.63 4.7490104232355606

419000 81567.55947947502 6.24 4.856171331409139 7.24 4.856171331409139

420000 81707.7414085865 6.78 4.695913116743111 7.78 4.695913116743111

421000 81864.6142103672 5.56 4.519557500463956 6.56 4.519557500463956

422000 82028.81289458275 5.37 4.353515820575366 6.37 4.353515820575366

423000 82194.30344510078 6.37 4.828364112201978 7.37 4.828364112201978

424000 82370.46211624146 5.52 4.526543935498693 6.52 4.526543935498693

425000 82531.42768383026 6.22 4.5355925742950065 7.22 4.5355925742950065

426000 82699.25556945801 6.72 4.917479028933423 7.72 4.917479028933423

427000 82862.27997660637 5.19 4.3490113819119856 6.19 4.3490113819119856

428000 82993.86583042145 5.16 4.263144379445763 6.16 4.263144379445763

429000 83125.4495985508 5.71 4.829689431008996 6.71 4.829689431008996

430000 83259.65573883057 6.25 4.88748401531913 7.25 4.88748401531913

431000 83400.90078854561 6.48 4.24377190715995 7.48 4.24377190715995

432000 83551.69986319542 5.52 4.473209138862166 6.52 4.473209138862166

433000 83734.66976308823 6.2 4.440720662234903 7.2 4.440720662234903

434000 83906.4536087513 5.96 4.105898196497327 6.96 4.105898196497327

435000 84076.57744455338 6.07 4.488329310556435 7.07 4.488329310556435

436000 84238.25856900215 6.9 4.479955356920423 7.9 4.479955356920423

437000 84385.72768878937 4.97 4.040928111214057 5.97 4.040928111214057

438000 84523.51661157608 7.4 4.654030511288038 8.4 4.654030511288038

439000 84668.78123116493 6.28 5.163487193748039 7.28 5.163487193748039

440000 84805.58745026588 5.45 4.27638866334668 6.45 4.27638866334668

441000 84941.54826021194 6.65 4.373499742768942 7.65 4.373499742768942

442000 85080.8409538269 6.89 4.7305285116993 7.89 4.7305285116993

443000 85224.06827759743 5.52 4.1387920943193075 6.52 4.1387920943193075

444000 85359.08976745605 6.33 4.72028600828382 7.33 4.72028600828382

445000 85496.48636126518 5.87 4.455681766015163 6.87 4.455681766015163

446000 85638.84441328049 6.94 4.734596075696426 7.94 4.734596075696426

447000 85781.33485841751 6.18 4.648397573357942 7.18 4.648397573357942

448000 116625.10198068619 6.31 5.1258072534967605 7.31 5.1258072534967605

449000 116798.61195516586 6.65 5.395136698916906 7.65 5.395136698916906

450000 117477.25302767754 6.64 4.373831272465823 7.64 4.373831272465823

451000 117650.20797848701 6.99 4.761291841506882 7.99 4.761291841506882

452000 117823.72562074661 6.29 4.848288357760913 7.29 4.848288357760913

453000 118000.14254426956 7.03 4.47762213680431 8.03 4.47762213680431

454000 118139.76457309723 7.43 4.434534924882202 8.43 4.434534924882202

455000 118278.59979367256 7.76 4.75630108382554 8.76 4.75630108382554

456000 118415.79756426811 6.66 4.9864215626037875 7.66 4.9864215626037875

457000 118545.49397182465 6.11 4.688059299966245 7.11 4.688059299966245

458000 118680.29230618477 6.17 4.822976259531038 7.17 4.822976259531038

459000 118820.52857375145 5.44 4.188842322169695 6.44 4.188842322169695

460000 118965.19090747833 6.74 4.848958651092005 7.74 4.848958651092005

461000 119111.33746910095 5.22 4.24165062210456 6.22 4.24165062210456

462000 119245.4537601471 6.93 4.391480388206237 7.93 4.391480388206237

463000 119388.48692655563 6.32 5.102705164910079 7.32 5.102705164910079

464000 119531.64709186554 6.04 4.569288784920471 7.04 4.569288784920471

465000 119669.77100229263 6.36 4.297720325940253 7.36 4.297720325940253

466000 119806.66156697273 6.36 3.7908310434520818 7.36 3.7908310434520818

467000 119951.59135890007 6.28 4.709734599741264 7.28 4.709734599741264

468000 120098.6426320076 6.5 4.491102314577124 7.5 4.491102314577124

469000 120242.27805995941 6.33 4.3521374059190725 7.33 4.3521374059190725

470000 120383.1034142971 6.49 4.371487161138644 7.49 4.371487161138644

471000 120525.20706176758 7.3 4.488875137492688 8.3 4.4888751374926885

472000 120668.71959328651 6.43 4.8667340177987946 7.43 4.8667340177987946

473000 120813.75297808647 5.78 4.659570795684942 6.78 4.659570795684942

474000 120948.4075012207 5.97 4.754902732969414 6.97 4.754902732969414

475000 121085.82608175278 6.76 5.303055722882799 7.76 5.303055722882799

476000 121238.088691473 6.35 4.903825037661927 7.35 4.903825037661927

477000 121384.43292665482 5.97 5.074357102136192 6.97 5.074357102136192

478000 121526.21894574165 5.99 4.697861215489448 6.99 4.697861215489448

479000 121669.42952442169 6.02 4.509944567286832 7.02 4.509944567286832

480000 121809.07878136635 6.04 4.538546022681714 7.04 4.538546022681714

481000 121951.86598324776 6.3 5.042816673249187 7.3 5.042816673249187

482000 122093.96499872208 5.95 4.559331091289599 6.95 4.559331091289599

483000 122241.96788716316 7.59 5.692266683843968 8.59 5.692266683843968

484000 122390.17201280594 6.99 4.819740656923358 7.99 4.819740656923358

485000 122539.78807401657 6.33 5.47915139414855 7.33 5.47915139414855

486000 122685.3762345314 5.43 4.084739893799848 6.43 4.084739893799848

487000 122823.03815746307 6.94 3.9390861884452337 7.94 3.9390861884452337

488000 122972.80567979813 5.86 4.5826193383260625 6.86 4.5826193383260625

489000 123128.0023636818 4.73 3.9162609718965364 5.73 3.9162609718965364

490000 123267.81641197205 7.17 5.26698205806703 8.17 5.26698205806703

491000 123422.7381875515 7.16 4.668447279342458 8.16 4.668447279342458

492000 123575.74642372131 7.04 4.2565713902153695 8.04 4.2565713902153695

493000 123733.47900414467 6.38 4.8244792465094095 7.38 4.8244792465094095

494000 123896.23866796494 4.98 4.142414754705279 5.98 4.142414754705279

495000 124041.06979632378 7.79 5.034471173817564 8.79 5.034471173817564

496000 124197.31657648087 6.78 4.311797768912638 7.78 4.311797768912638

497000 124336.18931508064 7.53 4.446245607251133 8.53 4.446245607251133

498000 124523.73734998703 8.55 4.775719841029202 9.55 4.775719841029202

499000 124717.69104409218 6.63 4.577455625126255 7.63 4.577455625126255

500000 124895.00663280487 7.07 4.162343090135652 8.07 4.162343090135652

501000 125087.99475550652 7.01 4.805195105300097 8.01 4.805195105300097

502000 125281.37345290184 8.39 5.151494928659058 9.39 5.151494928659058

503000 125439.23447418213 8.28 4.992153843783262 9.28 4.992153843783262

504000 125594.24468064308 7.4 5.2497618993626745 8.4 5.2497618993626745

505000 125741.69074392319 6.76 4.688539218136071 7.76 4.688539218136071

506000 125890.48155522346 7.48 4.887698845059912 8.48 4.887698845059912

507000 126041.90711021423 7.98 5.420295194913281 8.98 5.420295194913281

508000 126192.53457140923 7.49 4.836310577289262 8.49 4.836310577289262

509000 126340.11452388763 7.22 4.620779155077638 8.22 4.620779155077638

510000 126486.52243685722 7.13 4.480301329151868 8.13 4.480301329151868

511000 126632.97587513924 8.0 5.383307533477908 9.0 5.383307533477908

512000 126787.01261091232 7.07 4.508336722118258 8.07 4.508336722118258

513000 126927.91387367249 8.44 4.913898655853619 9.44 4.913898655853619

514000 127078.95289731026 8.32 5.353279368760798 9.32 5.353279368760798

515000 127227.23881721497 7.17 4.331408546881719 8.17 4.331408546881719

516000 127377.80838036537 7.52 5.1835894899191235 8.52 5.1835894899191235

517000 127528.95740771294 8.04 5.330891107497883 9.04 5.330891107497883

518000 127686.78328990936 7.48 5.380483249671911 8.48 5.380483249671911

519000 127836.34327745438 7.43 4.695220974565521 8.43 4.695220974565521

520000 127991.12880206108 8.55 4.813262926539543 9.55 4.813262926539543

521000 128155.50674796104 7.33 5.010099799405197 8.33 5.010099799405197

522000 128297.02835798264 6.07 4.221978209323208 7.07 4.221978209323208

523000 128440.64487099648 7.12 4.49728807171611 8.12 4.49728807171611

524000 128593.10515618324 7.03 4.446245607251133 8.03 4.446245607251133

525000 128748.76070857048 8.16 4.805663325702291 9.16 4.805663325702291

526000 128910.19183301926 8.06 5.071133995468864 9.06 5.071133995468864

527000 129066.04746317863 8.26 4.64676231369757 9.26 4.64676231369757

528000 129214.58327412605 6.02 4.935544549489955 7.02 4.935544549489955

529000 129358.28279685974 6.41 4.458912423450365 7.41 4.458912423450365

530000 129500.01473975182 7.3 5.2201532544552744 8.3 5.2201532544552744

531000 129643.12959504128 8.16 5.254940532489402 9.16 5.254940532489402

532000 129794.6498143673 8.32 5.0097504927890375 9.32 5.0097504927890375

533000 129951.32466816902 7.66 5.208109061838087 8.66 5.208109061838087

534000 130103.5262825489 7.52 4.996959075277684 8.52 4.996959075277684

535000 130249.33712673187 8.24 5.422397993508038 9.24 5.422397993508038

536000 130405.9203312397 8.37 5.2051032650659295 9.37 5.2051032650659295

537000 130551.29699659348 8.73 5.236134070094081 9.73 5.236134070094081

538000 130711.4549832344 8.42 5.466589430348689 9.42 5.466589430348689

539000 130865.28574967384 7.39 5.079163316925338 8.39 5.079163316925338

540000 131011.97278165817 7.59 5.385341214816383 8.59 5.385341214816383

541000 131156.98860120773 7.87 4.908472267416818 8.87 4.908472267416818

542000 131315.63632822037 7.53 5.83858715786619 8.53 5.83858715786619

543000 131473.7402164936 7.48 4.856912599584226 8.48 4.856912599584226

544000 131631.85108184814 8.68 5.197845707598486 9.68 5.197845707598486

545000 131792.15061831474 8.13 5.687978551295706 9.13 5.687978551295706

546000 131957.87906718254 6.96 4.420226238553859 7.96 4.420226238553859

547000 132104.6328175068 6.29 4.613664487151184 7.29 4.613664487151184

548000 132249.09323477745 7.36 5.250752327048001 8.36 5.250752327048001

549000 132406.55725812912 6.71 4.978543963851278 7.71 4.978543963851278

550000 132562.02271604538 6.8 5.1903757089443925 7.8 5.1903757089443925

551000 132709.827593565 8.84 4.9934356909847155 9.84 4.9934356909847155

552000 132864.42288565636 8.63 4.805528066716498 9.63 4.805528066716498

553000 133019.16497516632 9.09 5.484696892263053 10.09 5.484696892263053

554000 133171.69145846367 8.6 5.468089245796927 9.6 5.468089245796927

555000 133318.9899971485 8.82 4.960604801836163 9.82 4.960604801836163

556000 133468.9803431034 7.58 5.378066567085239 8.58 5.378066567085239

557000 133623.46157073975 9.35 5.409944546850735 10.35 5.409944546850735

558000 133784.45120167732 7.68 5.304488665272083 8.68 5.304488665272083

559000 133939.1635839939 5.87 4.584004799299406 6.87 4.584004799299406

560000 134084.2567152977 6.37 4.446695402206002 7.37 4.446695402206002

561000 134228.2101187706 7.76 4.60677761564415 8.76 4.60677761564415

562000 134383.72672104836 9.17 4.953897455539426 10.17 4.953897455539426

563000 134539.257573843 7.84 5.247323127081084 8.84 5.247323127081084

564000 134700.36952495575 8.64 5.47452281025479 9.64 5.47452281025479

565000 134859.05360364914 10.25 5.948739362251468 11.25 5.948739362251468

566000 135024.11591601372 9.51 5.6347049612202404 10.51 5.6347049612202404

567000 135180.39378285408 8.46 4.729524288974527 9.46 4.729524288974527

568000 135327.2956662178 7.72 5.030069582023692 8.72 5.030069582023692

569000 135473.15587115288 7.37 5.512993742060661 8.37 5.51299374206066

570000 135624.81759929657 8.72 5.535485525227213 9.72 5.535485525227213

571000 135776.40130257607 9.05 4.829855070289376 10.05 4.829855070289376

572000 135935.9679055214 9.03 4.697776069588674 10.03 4.697776069588674

573000 136091.074767828 8.19 5.375304642529574 9.19 5.375304642529574

574000 136243.94865942 9.02 4.7937042044748654 10.02 4.7937042044748654

575000 136406.75977659225 9.31 5.673966866311435 10.31 5.673966866311435

576000 136569.94696569443 8.71 5.340964332402904 9.71 5.340964332402904

577000 136721.1848104 9.14 5.134238015518954 10.14 5.134238015518954

578000 136871.97658348083 8.3 5.020956084253277 9.3 5.020956084253277

579000 137012.62002706528 9.12 5.720629336008408 10.12 5.720629336008408

580000 137154.15597510338 8.39 5.504352822993816 9.39 5.504352822993816

581000 137293.5580713749 10.92 5.876529588115761 11.92 5.876529588115761

582000 137449.08518886566 9.58 5.863753064377796 10.58 5.863753064377796

583000 137598.15965628624 8.53 5.657658526280991 9.53 5.657658526280991

584000 137745.5915105343 8.01 5.080344476509443 9.01 5.080344476509443

585000 137886.93877077103 9.19 5.849264911080708 10.19 5.849264911080708

586000 138036.79722356796 8.66 5.788298541022223 9.66 5.788298541022223

587000 138196.71677422523 9.44 5.295885195130272 10.44 5.295885195130272

588000 138363.74083924294 8.44 4.978594179083087 9.44 4.978594179083087

589000 138523.6626753807 9.4 5.2172789842982334 10.4 5.2172789842982334

590000 138679.3795323372 8.72 5.079527537084527 9.72 5.079527537084527

591000 138826.8275539875 10.42 5.584227789050157 11.42 5.584227789050157

592000 138985.05900335312 8.95 5.14076842505087 9.95 5.14076842505087

593000 139142.1049695015 9.39 4.007230964144692 10.39 4.007230964144692

594000 139300.67784643173 9.1 5.267826876426369 10.1 5.267826876426369

595000 139460.22266316414 8.33 5.163438776629389 9.33 5.163438776629389

596000 139630.93583965302 9.27 5.549513492190104 10.27 5.549513492190104

597000 139804.1102156639 10.83 5.418588377059103 11.83 5.418588377059103

598000 139969.60131192207 9.49 5.470822607250212 10.49 5.470822607250212

599000 140132.46586942673 9.72 5.370437598557496 10.72 5.370437598557496

600000 140290.28146362305 8.42 5.169487402054482 9.42 5.169487402054482

601000 140443.82509803772 9.07 5.426333937383508 10.07 5.426333937383508

602000 140602.16305923462 8.05 4.988737315193094 9.05 4.988737315193094

603000 140749.790661335 11.0 5.081338406365 12.0 5.081338406365

604000 140899.69851827621 9.39 5.994822766354314 10.39 5.994822766354314

605000 141069.0834259987 8.61 5.345830150687543 9.61 5.345830150687543

606000 141232.16378092766 9.79 5.1191698545760325 10.79 5.1191698545760325

607000 141391.43693256378 9.57 5.517707857435006 10.57 5.517707857435006

608000 141554.87562584877 11.0 5.475399528801528 12.0 5.475399528801528

609000 141755.32509803772 10.24 5.470137109798986 11.24 5.470137109798986

610000 141954.39922690392 11.36 4.826012847061226 12.36 4.826012847061226

611000 142163.6995985508 9.48 5.212446642412755 10.48 5.212446642412755

612000 142323.156321764 10.62 5.794445616277712 11.62 5.794445616277712

613000 142486.42828583717 9.8 5.3065996645686395 10.8 5.3065996645686395

614000 142656.18343901634 9.52 5.150689274262232 10.52 5.150689274262232

615000 142822.28482985497 9.35 5.144657422997182 10.35 5.144657422997182

616000 142989.4783525467 9.11 5.405358452498779 10.11 5.405358452498779

617000 143156.6500439644 10.36 6.279363025020929 11.36 6.279363025020929

618000 143334.8745150566 9.85 5.543239125276845 10.85 5.543239125276845

619000 143498.52344322205 9.16 5.5905634778616005 10.16 5.5905634778616005

620000 143664.24897670746 8.74 5.74041810323952 9.74 5.74041810323952

621000 143822.37594747543 7.91 5.205948520682854 8.91 5.205948520682854

622000 143963.07007813454 8.8 5.594640292279746 9.8 5.594640292279746

623000 144110.5334367752 9.08 5.64389936125725 10.08 5.64389936125725

624000 144272.92737436295 10.11 5.587298094786066 11.11 5.587298094786066

625000 144445.97588968277 10.04 5.526155987664482 11.04 5.526155987664482

626000 144624.12552690506 10.71 5.824594406480163 11.71 5.824594406480163

627000 144804.14955592155 9.25 5.352335938634645 10.25 5.352335938634645

628000 144974.96505570412 11.19 5.647468459407277 12.19 5.647468459407277

629000 145149.94068193436 9.53 5.680589758114909 10.53 5.680589758114909

630000 145315.96027565002 11.51 5.586582139376454 12.51 5.586582139376454

631000 145505.25617527962 11.01 4.786428731319417 12.01 4.786428731319417

632000 145687.9918575287 7.13 4.900316316320814 8.13 4.900316316320815

633000 145866.97069215775 11.21 5.671498920038687 12.21 5.671498920038687

634000 146042.15451407433 10.44 5.586268880030749 11.44 5.586268880030749

635000 146192.94703173637 11.1 5.664803615307419 12.1 5.664803615307419

636000 146358.36185860634 9.65 5.9285327021110374 10.65 5.9285327021110374

637000 146509.9627840519 10.01 5.523576739758397 11.01 5.523576739758397

638000 146669.94148898125 10.13 5.281391862000016 11.13 5.281391862000016

639000 146862.96627521515 10.65 5.64513064507811 11.65 5.64513064507811

640000 147054.2391064167 6.7 6.012487006222965 7.7 6.012487006222965

641000 147225.29953694344 8.1 5.410175597889592 9.1 5.410175597889592

642000 147410.80974769592 9.23 5.890424432925015 10.23 5.890424432925015

643000 147595.8619787693 9.44 6.015513278183334 10.44 6.015513278183334

644000 147796.7692975998 9.2 5.632051136131489 10.2 5.632051136131489

645000 147998.9634759426 9.66 5.048207602704152 10.66 5.048207602704152

646000 148198.2893228531 10.34 5.731003402546538 11.34 5.731003402546538

647000 148397.09055137634 10.7 5.959026766175833 11.7 5.959026766175833

648000 148603.9653222561 9.68 5.42379940632026 10.68 5.42379940632026

649000 148799.28260588646 9.94 5.588953390394305 10.94 5.588953390394305

650000 148996.62481570244 11.23 5.3811801679557245 12.23 5.3811801679557245

651000 149217.17265820503 10.16 5.419815495014568 11.16 5.419815495014568

652000 149419.56214118004 10.6 6.082762530298219 11.6 6.082762530298219

653000 149613.26239204407 9.49 5.818066689201835 10.49 5.818066689201835

654000 149803.6000907421 10.33 6.149886177808496 11.33 6.149886177808496

655000 149996.2960448265 10.43 5.1599515501601365 11.43 5.1599515501601365

656000 150186.28003787994 9.58 5.683625603433076 10.58 5.683625603433076

657000 150368.0454478264 9.57 5.431859718365341 10.57 5.431859718365341

658000 150561.31087327003 10.17 5.566066833950163 11.17 5.566066833950163

659000 150748.65802836418 8.2 5.610704055642215 9.2 5.610704055642215

660000 150930.11932635307 9.91 5.80016379079074 10.91 5.80016379079074

661000 151120.52526068687 9.93 5.054216061863601 10.93 5.054216061863601

662000 151313.76340436935 10.13 5.224279854678537 11.13 5.224279854678537

663000 151503.27600622177 9.46 5.588237647058328 10.46 5.588237647058328

664000 151688.04378080368 10.64 5.426822274591273 11.64 5.426822274591273

665000 151880.7593317032 11.79 6.000491646523642 12.79 6.000491646523642

666000 152081.45406460762 9.93 5.19856711027183 10.93 5.19856711027183

667000 152277.23283481598 11.14 5.106897296793817 12.14 5.106897296793817

668000 152475.2773115635 9.01 5.608021041329999 10.01 5.608021041329999

669000 152664.26980304718 10.75 5.955459679991126 11.75 5.955459679991126

670000 152869.51774191856 10.84 6.360377347296306 11.84 6.360377347296306

671000 153077.4750418663 9.94 5.6370559692094595 10.94 5.6370559692094595

672000 153274.1225028038 11.53 5.923605321086138 12.53 5.923605321086138

673000 153468.60138511658 10.27 5.493368729659425 11.27 5.493368729659425

674000 153654.21852231026 9.02 5.515396631249651 10.02 5.515396631249651

675000 153844.04586148262 8.56 5.292107330733193 9.56 5.292107330733193

676000 154030.38230538368 9.77 5.410831729041294 10.77 5.410831729041294

677000 154220.67220020294 10.74 5.749121672046957 11.74 5.749121672046957

678000 154414.1293668747 9.94 5.44760497833681 10.94 5.44760497833681

679000 154597.9513876438 10.23 5.642437416578052 11.23 5.642437416578052

680000 154795.02687001228 9.7 5.3935146240647205 10.7 5.3935146240647205

681000 154987.78622698784 9.6 5.169139193328034 10.6 5.169139193328034

682000 155179.95770573616 10.12 5.91486263576763 11.12 5.91486263576763

683000 155372.70167803764 11.24 5.5391696128571475 12.24 5.5391696128571475

684000 155569.49170088768 11.26 5.94410632475564 12.26 5.94410632475564

685000 155771.9922156334 10.7 5.46168472176855 11.7 5.46168472176855

686000 155971.6234509945 9.91 6.084562432911671 10.91 6.084562432911671

687000 156165.72404122353 11.18 5.391437656135884 12.18 5.391437656135884

688000 156365.2197163105 8.15 5.354203955771577 9.15 5.354203955771577

689000 156552.80350279808 6.79 4.600641259650659 7.79 4.600641259650659

690000 156741.3282470703 9.59 5.990150248533003 10.59 5.990150248533003

691000 156926.29234170914 9.61 5.651362667534265 10.61 5.651362667534265

692000 157111.51893377304 10.04 6.30384009949491 11.04 6.30384009949491

693000 157294.37233233452 10.24 5.5787453786671435 11.24 5.5787453786671435

694000 157492.97171258926 8.79 5.963715284954506 9.79 5.963715284954506

695000 157692.80832767487 9.56 5.389471217104698 10.56 5.389471217104698

696000 157902.80243992805 11.21 6.4564618793887405 12.21 6.4564618793887405

697000 158103.3309788704 9.71 6.351842252449284 10.71 6.351842252449284

698000 158294.5954182148 9.48 6.212052800805865 10.48 6.212052800805865

699000 158483.92296266556 9.01 5.262119344902774 10.01 5.262119344902774

700000 158686.7710773945 9.41 5.822533812697012 10.41 5.822533812697012

701000 158898.29236197472 9.82 5.246675137646698 10.82 5.246675137646698

702000 159108.9187207222 8.78 5.89504876994245 9.78 5.89504876994245

703000 159304.45783519745 10.81 4.867638030913967 11.81 4.867638030913967

704000 159512.67065405846 9.16 6.062540721512723 10.16 6.062540721512723

705000 159732.9883904457 11.41 5.642862748640977 12.41 5.642862748640977

706000 159951.9079349041 10.28 5.648150139647493 11.28 5.648150139647493

707000 160182.36981916428 9.46 5.545123984186467 10.46 5.545123984186467

708000 160393.0450167656 9.29 5.223590719036092 10.29 5.223590719036092

709000 160589.81619381905 8.95 5.561249859518991 9.95 5.561249859518991

710000 160778.60975265503 10.79 5.453980197983854 11.79 5.453980197983854

711000 161000.5756430626 7.86 4.7180928350340885 8.86 4.7180928350340885

712000 161190.72953748703 10.64 5.793996893337102 11.64 5.793996893337102

713000 161381.8425529003 9.09 6.334185030451826 10.09 6.334185030451826

714000 161573.9617304802 9.7 5.602677931132575 10.7 5.602677931132575

715000 161771.85932374 8.38 5.691713274577348 9.38 5.691713274577348

716000 161966.72045326233 9.76 5.5679798850211375 10.76 5.5679798850211375

717000 162179.95134329796 8.61 5.827340731414288 9.61 5.827340731414288

718000 162384.0036292076 10.17 5.709737296934072 11.17 5.709737296934072

719000 162577.11832547188 10.63 6.408829846391617 11.63 6.408829846391617

720000 162769.83573579788 10.21 6.020456793300655 11.21 6.020456793300655

721000 162963.0856308937 9.86 5.714927821066509 10.86 5.714927821066509

722000 163150.8478655815 10.7 5.736723803705386 11.7 5.736723803705386

723000 163342.65987873077 9.9 5.3637673327615545 10.9 5.3637673327615545

724000 163544.16474723816 10.29 5.921646730428961 11.29 5.921646730428961

725000 163777.70527744293 9.8 5.607138307550474 10.8 5.607138307550474

726000 163986.38386178017 10.41 6.192083655765642 11.41 6.192083655765642

727000 164194.84061264992 10.36 5.4836484205317175 11.36 5.4836484205317175

728000 164385.2816643715 9.56 5.855458991402809 10.56 5.855458991402809

729000 164575.40159749985 11.82 5.743483263665004 12.82 5.743483263665004

730000 164785.21617364883 9.96 5.893929079994091 10.96 5.893929079994091

731000 164989.54647278786 11.09 5.639317334571624 12.09 5.639317334571624

732000 165186.70547270775 11.1 6.33798075099633 12.1 6.33798075099633

733000 165385.04122138023 10.11 5.332719756371978 11.11 5.332719756371978

734000 165581.08360028267 10.63 5.81318329317079 11.63 5.81318329317079

735000 165786.8433496952 11.02 6.858542119138732 12.02 6.858542119138732

736000 165993.35030460358 10.51 5.514517204615468 11.51 5.514517204615468

737000 166213.90654301643 10.4 5.429548784199292 11.4 5.429548784199292

738000 166433.96155667305 10.3 5.9808026217222725 11.3 5.9808026217222725

739000 166672.63562703133 9.9 6.30317380372777 10.9 6.30317380372777

740000 166886.0686123371 9.2 5.547972602672079 10.2 5.547972602672079

741000 167092.90949988365 8.2 5.5533773507659285 9.2 5.5533773507659285

742000 167295.52549266815 10.6 5.789645930452051 11.6 5.789645930452051

743000 167494.50379180908 10.29 5.641444850390722 11.29 5.641444850390722

744000 167692.25327157974 10.76 6.130448596962543 11.76 6.130448596962543

745000 167889.31807422638 10.32 6.351188865086599 11.32 6.351188865086599

746000 168091.30630159378 10.63 5.214700374901707 11.63 5.214700374901707

747000 168290.9163248539 11.08 5.4473479786039 12.08 5.4473479786039

748000 168488.29773688316 9.35 5.466946131068058 10.35 5.466946131068058

749000 168675.32407212257 10.33 5.605452702503162 11.33 5.605452702503162

750000 168871.9630959034 10.88 5.242671074938805 11.88 5.242671074938805

751000 169067.44245886803 9.83 5.697464348286877 10.83 5.697464348286877

752000 169258.35758543015 9.6 5.253570214625478 10.6 5.253570214625478

753000 169444.62562274933 9.56 5.653883621016619 10.56 5.653883621016619

754000 169653.5503873825 8.48 5.3112710343193745 9.48 5.3112710343193745

755000 169842.90287184715 9.24 6.1026551598464085 10.24 6.1026551598464085

756000 170030.12538528442 10.3 5.918614702783076 11.3 5.918614702783076

757000 170224.06761336327 10.42 5.598535522795225 11.42 5.598535522795225

758000 170421.99113368988 10.46 5.488934322798917 11.46 5.488934322798917

759000 170614.5329732895 9.75 5.181457323958194 10.75 5.181457323958194

760000 170801.18422698975 10.11 5.498899889977994 11.11 5.498899889977994

761000 170990.73275089264 9.39 5.605167258878186 10.39 5.605167258878186

762000 171178.79476499557 9.25 5.671639974469465 10.25 5.671639974469465

763000 171383.72245907784 8.97 5.984070520974831 9.97 5.984070520974831

764000 171564.9947359562 9.63 6.060783777697403 10.63 6.060783777697403

765000 171747.66067385674 11.77 6.181998058880316 12.77 6.181998058880316

766000 171946.35184001923 8.82 5.616725024424821 9.82 5.616725024424821

767000 172142.20032215118 11.35 6.234380482453729 12.35 6.234380482453729

768000 172347.30768728256 10.87 5.849196526019621 11.87 5.849196526019621

769000 172543.34192419052 11.36 6.129469797625241 12.36 6.129469797625241

770000 172748.61744976044 9.68 5.744353749552686 10.68 5.744353749552686

771000 173317.1906979084 9.91 5.748208416541627 10.91 5.748208416541627

772000 174543.53051257133 10.53 5.733157943053723 11.53 5.733157943053723

773000 175795.4726753235 10.38 5.8340037709963815 11.38 5.8340037709963815

774000 177106.90276908875 11.42 5.6056756952217635 12.42 5.6056756952217635

775000 178383.3271563053 10.05 5.904870870730366 11.05 5.904870870730366

776000 179604.5963113308 10.39 5.929409751400218 11.39 5.929409751400218

777000 180859.41020965576 10.21 6.234252160443946 11.21 6.234252160443946

778000 182087.76786208153 10.4 5.964897316802696 11.4 5.964897316802696

779000 200696.68083548546 9.93 6.230979056296049 10.93 6.230979056296049

780000 200898.19662380219 11.03 6.229695016611969 12.03 6.229695016611969

781000 201090.21301555634 10.32 5.98310955941808 11.32 5.98310955941808

782000 201275.84850811958 10.87 6.126426364529325 11.87 6.126426364529325

783000 201470.99088335037 11.02 5.999966666574074 12.02 5.999966666574074

784000 201668.70506429672 10.32 6.089137870010828 11.32 6.089137870010828

785000 201852.26147031784 10.1 5.391660226683428 11.1 5.391660226683428

786000 202048.3840429783 9.86 5.948142567222141 10.86 5.948142567222141

787000 202232.3838994503 12.4 5.435071296680476 13.4 5.435071296680476

788000 202436.41355657578 11.52 6.063794191758161 12.52 6.063794191758161

789000 202630.77940821648 11.64 5.843834357679896 12.64 5.843834357679896

790000 202834.3338947296 9.8 5.36842621258782 10.8 5.36842621258782

791000 203028.29212212563 8.38 5.170647928451521 9.38 5.170647928451521

792000 203204.46342802048 10.73 5.29311817362885 11.73 5.29311817362885

793000 203400.48365736008 9.33 5.203950422515573 10.33 5.203950422515573

794000 203555.26099419594 9.35 5.523359484951166 10.35 5.523359484951166

795000 203714.33663773537 8.1 4.988987873306569 9.1 4.988987873306569

796000 203866.8910586834 10.42 5.618149161423182 11.42 5.618149161423182

797000 204021.96504878998 10.35 5.870902826652814 11.35 5.870902826652814

798000 204177.62561774254 10.05 5.185315805233081 11.05 5.185315805233081

799000 204333.00087952614 11.63 5.613652999607297 12.63 5.613652999607297

800000 204495.2061715126 10.7 6.012487006222965 11.7 6.012487006222965

801000 204652.51688957214 11.0 6.3039670049897945 12.0 6.3039670049897945

802000 204832.9289815426 9.82 5.012743759658975 10.82 5.012743759658975

803000 205018.02612948418 11.61 6.186913608577382 12.61 6.186913608577382

804000 205214.06000304222 11.82 5.915031698985222 12.82 5.915031698985222

805000 205429.0882833004 10.63 5.574325071253021 11.63 5.574325071253021

806000 205640.21602249146 9.9 5.675385449465085 10.9 5.675385449465085

807000 205853.37315130234 8.86 5.8890067074167955 9.86 5.8890067074167955

808000 206013.82260727882 9.26 5.647335654979258 10.26 5.647335654979258

809000 206162.51600503922 11.5 5.677147170894902 12.5 5.677147170894902

810000 206350.3794953823 9.3 5.712267500739089 10.3 5.712267500739089

811000 206515.89518094063 9.96 6.201483693439821 10.96 6.201483693439821

812000 206677.7089254856 11.91 5.236592403462389 12.91 5.236592403462389

813000 206846.75188040733 10.83 5.2536749042931845 11.83 5.2536749042931845

814000 207024.32416939735 10.69 6.38857574111789 11.69 6.38857574111789

815000 207192.43966126442 11.76 6.123920313002121 12.76 6.123920313002121

816000 207362.12091493607 10.73 5.159176290843336 11.73 5.159176290843336

817000 207529.96376252174 8.83 6.445238552606102 9.83 6.445238552606102

818000 207689.27775216103 9.68 6.071046038369336 10.68 6.071046038369336

819000 207860.4573624134 9.77 5.74431022839122 10.77 5.74431022839122

820000 208023.19910621643 9.29 5.370837923452913 10.29 5.370837923452913

821000 208193.12864398956 9.93 5.27305414347321 10.93 5.27305414347321

822000 208352.66886758804 11.14 5.603605981865606 12.14 5.603605981865606

823000 208514.90986514091 11.97 5.397138130528067 12.97 5.397138130528067

824000 208689.20053505898 9.27 6.175524269242247 10.27 6.175524269242247

825000 208854.71647119522 11.32 5.84787140761491 12.32 5.84787140761491

826000 209025.5396440029 10.73 5.961300193749683 11.73 5.961300193749683

827000 209189.99155926704 12.2 5.88387627334226 13.2 5.88387627334226

828000 209353.29409122467 9.41 6.071400168000788 10.41 6.071400168000788

829000 209510.98633289337 11.42 5.800310336525108 12.42 5.800310336525108

830000 209679.1899921894 12.07 5.605809486595134 13.07 5.605809486595134

831000 209847.3700544834 12.92 5.404960684408352 13.92 5.404960684408352

832000 210018.39363074303 11.64 6.005863801319507 12.64 6.005863801319507

833000 210182.40248823166 11.07 5.177364194259469 12.07 5.177364194259469

834000 210352.22520065308 11.44 5.933498125052371 12.44 5.933498125052371

835000 210515.82249093056 11.95 5.898092912119984 12.95 5.898092912119984

836000 210682.39941716194 12.04 5.551432247627634 13.04 5.551432247627634

837000 210856.0910897255 12.08 5.447347978603901 13.08 5.447347978603901

838000 211025.1669073105 12.2 6.534523701081816 13.2 6.534523701081816

839000 211192.84816765785 13.18 5.783390009328438 14.18 5.783390009328438

840000 211358.4680891037 11.87 5.414157367494965 12.87 5.414157367494965

841000 211525.97048449516 10.38 5.26266092390532 11.38 5.26266092390532

842000 211687.9293179512 12.17 5.714989063856553 13.17 5.714989063856553

843000 211866.61227679253 10.06 6.207769325611254 11.06 6.207769325611254

844000 212033.96299171448 12.29 4.703817598504432 13.29 4.703817598504432

845000 212200.56049895287 11.26 5.835443427881038 12.26 5.835443427881038

846000 212377.77416443825 11.22 5.0607904520934275 12.22 5.0607904520934275

847000 212539.87639331818 11.74 5.472878584437992 12.74 5.472878584437992

848000 212713.378824234 12.17 6.190403864046351 13.17 6.190403864046351

849000 212896.16439032555 12.32 6.008127828200728 13.32 6.008127828200728

850000 213069.42827010155 11.88 6.081578742399049 12.88 6.081578742399049

851000 213239.7143495083 12.24 6.135340251363408 13.24 6.135340251363408

852000 213406.144135952 12.57 5.625397763714136 13.57 5.625397763714136

853000 213583.36847519875 11.84 6.1672035802298595 12.84 6.1672035802298595

854000 213742.5199356079 8.2 5.99666574022598 9.2 5.99666574022598

855000 213887.33102369308 12.06 6.168986950869648 13.06 6.168986950869648

856000 214042.39724111557 10.73 6.658610966260157 11.73 6.658610966260157

857000 214191.18650269508 12.84 6.111824604813197 13.84 6.111824604813197

858000 214350.38039946556 12.97 5.152581877078714 13.97 5.152581877078714

859000 214505.3533229828 12.26 5.935688671081057 13.26 5.935688671081057

860000 214681.9864780903 10.9 5.5470712993434645 11.9 5.5470712993434645

861000 214868.40517425537 10.87 5.749182550589257 11.87 5.749182550589257

862000 215024.8882870674 10.63 5.700271923338395 11.63 5.700271923338395

863000 215186.31673383713 10.2 5.969924622639719 11.2 5.969924622639719

864000 215342.1570880413 12.92 5.770060658260015 13.92 5.770060658260015

865000 215509.00991225243 12.36 5.816390633373931 13.36 5.816390633373931

866000 215681.5664577484 11.56 6.521226878433229 12.56 6.521226878433229

867000 215849.45780682564 10.88 5.781487697816194 11.88 5.781487697816194

868000 216006.29425287247 12.35 5.855552920092175 13.35 5.855552920092175

869000 216181.6995227337 12.02 5.706101996985333 13.02 5.706101996985333

870000 216350.38462162018 11.38 5.941010015140523 12.38 5.941010015140523

871000 216518.28550934792 12.32 5.517028185536121 13.32 5.517028185536121

872000 216689.1049144268 12.27 5.704130082668172 13.27 5.704130082668172

873000 216859.68139982224 9.62 5.765032523759081 10.62 5.765032523759081

874000 217018.87797617912 13.07 5.951898856667509 14.07 5.951898856667509

875000 217188.35157251358 12.14 5.4863831437478 13.14 5.4863831437478

876000 217355.12166571617 11.55 6.194150466367443 12.55 6.194150466367443

877000 217522.83135724068 11.53 6.3046887314125195 12.53 6.3046887314125195

878000 217694.85459923744 12.8 5.390732788777422 13.8 5.390732788777422

879000 217853.3119175434 11.72 5.405700694637098 12.72 5.405700694637098

880000 218011.7301762104 13.1 5.345091205957107 14.1 5.345091205957107

881000 218183.8878815174 13.17 5.495552747449523 14.17 5.495552747449523

882000 218357.21573400497 13.24 6.053296622502486 14.24 6.053296622502486

883000 218522.34374022484 10.94 5.675949259815489 11.94 5.675949259815489

884000 218688.9909183979 10.54 5.859044290667207 11.54 5.859044290667207

885000 218846.77033114433 11.58 5.774391742859155 12.58 5.774391742859155

886000 219010.23743748665 13.26 5.315298674580761 14.26 5.315298674580761

887000 219184.41080355644 13.34 5.115114856970466 14.34 5.115114856970466

888000 219363.05297636986 11.05 6.399023362982823 12.05 6.399023362982823

889000 219529.6934428215 11.64 6.304791828442871 12.64 6.304791828442871

890000 219697.16217827797 11.06 6.260702835944221 12.06 6.260702835944221

891000 219871.17750024796 12.45 5.419178904594312 13.45 5.419178904594312

892000 220058.46329903603 11.36 5.624091037669999 12.36 5.624091037669999

893000 220230.60425257683 12.22 5.8627297396349425 13.22 5.8627297396349425

894000 220406.40284657478 12.2 6.212889826803626 13.2 6.212889826803626

895000 220587.0104765892 9.73 6.332227096369807 10.73 6.332227096369807

896000 220761.39513158798 13.49 4.811434297587363 14.49 4.811434297587363

897000 220933.1782398224 13.13 5.525676429180413 14.13 5.525676429180413

898000 221099.41093087196 12.35 5.254283966441099 13.35 5.254283966441099

899000 221260.6689605713 12.53 5.9874117947573975 13.53 5.9874117947573975

900000 221446.04095888138 12.17 5.824182346046524 13.17 5.824182346046524

901000 221616.25972676277 13.52 5.852315780953724 14.52 5.852315780953724

902000 221786.97898316383 13.33 6.109099770015219 14.33 6.109099770015219

903000 221954.25422859192 13.62 5.114254588891718 14.62 5.114254588891718

904000 222136.5130417347 11.52 5.848897331976344 12.52 5.848897331976344

905000 222305.60411787033 12.05 6.333048239197298 13.05 6.333048239197298

906000 222479.96526312828 13.12 5.93343071081141 14.12 5.93343071081141

907000 222656.92338871956 12.12 5.731108095298849 13.12 5.731108095298849

908000 222824.6184000969 12.81 5.757942340801964 13.81 5.757942340801964

909000 222997.2096118927 12.95 6.169886546768911 13.95 6.169886546768911

910000 223174.24125885963 13.79 5.202489788553169 14.79 5.202489788553169

911000 223362.46266007423 13.47 5.559595309013058 14.47 5.559595309013058

912000 223540.19949769974 13.93 5.439218693893452 14.93 5.439218693893452

913000 223722.9199028015 12.79 5.537680019647217 13.79 5.537680019647217

914000 223897.1805267334 13.65 5.150485414016819 14.65 5.150485414016819

915000 224066.49930930138 12.9 5.967411499134276 13.9 5.967411499134276

916000 224232.11214518547 13.4 5.986651818838307 14.4 5.986651818838307

917000 224407.00698518753 13.68 5.880272102547636 14.68 5.880272102547636

918000 224580.45560455322 13.49 5.386083920623592 14.49 5.386083920623592

919000 224752.1262536049 13.76 5.558992714512226 14.76 5.558992714512226

920000 224939.1339957714 12.65 5.40624638728203 13.65 5.40624638728203

921000 225113.93871092796 12.56 6.0055307842021755 13.56 6.0055307842021755

922000 225274.06585144997 13.37 5.845776252988135 14.37 5.845776252988135

923000 225429.3873488903 14.07 5.36703828941065 15.07 5.36703828941065

924000 225599.59452056885 13.68 5.497053756331659 14.68 5.497053756331659

925000 225778.88781428337 15.0 4.547526800360829 16.0 4.547526800360829

926000 225967.35065937042 12.49 5.8659952267283675 13.49 5.8659952267283675

927000 226146.82451343536 13.74 5.384459118611636 14.74 5.384459118611636

928000 226325.36953139305 14.05 5.572028355993893 15.05 5.572028355993893

929000 226518.64500641823 13.64 5.705295785496139 14.64 5.705295785496139

930000 226719.66528224945 13.94 5.700561375864662 14.94 5.700561375864662

931000 226897.09987425804 14.14 5.574979820591282 15.14 5.574979820591282

932000 227087.29916644096 14.18 5.142723014123938 15.18 5.142723014123938

933000 227262.90038633347 14.37 5.380808489437252 15.37 5.380808489437252

934000 227454.62235236168 12.56 5.402443891425436 13.56 5.402443891425436

935000 227622.6442914009 13.98 5.803412789040601 14.98 5.803412789040601

936000 227805.3331542015 13.46 5.1428007933420865 14.46 5.1428007933420865

937000 227976.7387611866 10.45 6.55343421421166 11.45 6.55343421421166

938000 228143.1830484867 12.98 6.141628448546852 13.98 6.141628448546852

939000 228305.73905444145 13.91 5.437085616394136 14.91 5.437085616394136

940000 228465.2994377613 12.86 5.265016619157056 13.86 5.265016619157056

941000 228634.05669522285 12.3 5.3637673327615545 13.3 5.3637673327615545

942000 228796.7808227539 12.77 5.813527328567399 13.77 5.813527328567399

943000 228960.28988790512 12.97 5.634633972140515 13.97 5.634633972140515

944000 229128.7940106392 13.62 5.401444251309088 14.62 5.401444251309088

945000 229305.5460369587 14.18 5.28844022373327 15.18 5.28844022373327

946000 229480.41353321075 13.51 6.145722089388683 14.51 6.145722089388683

947000 229659.9828426838 14.43 5.488633709767852 15.43 5.488633709767852

948000 229833.67664647102 13.57 5.229254248934546 14.57 5.229254248934546

949000 230017.4089577198 13.07 6.514990406746583 14.07 6.514990406746583

950000 230191.1920785904 11.87 6.220377802030999 12.87 6.220377802030999

951000 230350.4714384079 11.52 5.343182572212932 12.52 5.343182572212932

952000 230502.41915631294 11.66 5.961912444845194 12.66 5.961912444845194

953000 230673.83777403831 10.51 5.677138363647657 11.51 5.677138363647657

954000 230855.23770475388 12.76 6.300984050130583 13.76 6.300984050130583

955000 231036.58173656464 13.2 5.927900134111574 14.2 5.927900134111574

956000 231217.36249232292 9.99 6.014141667769392 10.99 6.014141667769392

957000 231374.9599354267 12.29 5.417185616166387 13.29 5.417185616166387

958000 231536.62907338142 12.79 6.061839654758281 13.79 6.061839654758281

959000 231697.637611866 13.4 5.405552700695831 14.4 5.405552700695831

960000 231862.48787093163 12.28 6.77654779367784 13.28 6.77654779367784

961000 232027.73027968407 11.25 6.656387909369465 12.25 6.656387909369465

962000 232191.95921707153 12.87 6.118259556442502 13.87 6.118259556442502

963000 232357.54775118828 14.28 5.695752803624821 15.28 5.695752803624821

964000 232518.87360477448 13.1 5.811196090307055 14.1 5.811196090307055

965000 232690.83551216125 13.13 5.469286973637423 14.13 5.469286973637423

966000 232867.01928687096 14.75 4.777813307361433 15.75 4.777813307361433

967000 233046.04111862183 12.78 5.07066070645631 13.78 5.07066070645631

968000 233219.65672636032 13.27 5.232313064028183 14.27 5.232313064028183

969000 233391.64672231674 13.3 5.514526271584895 14.3 5.514526271584895

970000 233568.3186736107 14.13 6.181674530416495 15.13 6.181674530416495

971000 233743.67517852783 13.01 6.1130925070703785 14.01 6.1130925070703785

972000 233919.5113646984 14.42 5.628818703777908 15.42 5.628818703777908

973000 234093.03166413307 14.17 5.035980540073601 15.17 5.035980540073601

974000 234275.511875391 14.09 5.287901285009016 15.09 5.287901285009016

975000 234460.91792416573 13.08 6.163894872562315 14.08 6.163894872562315

976000 234632.18516802788 12.71 6.0486279435918355 13.71 6.0486279435918355

977000 234794.8470108509 14.06 5.351298907741932 15.06 5.351298907741932

978000 234989.77596473694 12.33 5.9060223501100975 13.33 5.9060223501100975

979000 235152.1734802723 13.56 5.562948858294492 14.56 5.562948858294492

980000 235316.90225839615 11.3 5.910160742314882 12.3 5.910160742314882

981000 235474.92057681084 12.9 5.618718715152059 13.9 5.618718715152059

982000 235638.87576031685 13.05 5.290321351298048 14.05 5.290321351298048

983000 235807.6426999569 12.27 5.580062723661805 13.27 5.580062723661805

984000 235968.75270462036 12.53 6.3520941428791815 13.53 6.3520941428791815

985000 236129.49807333946 13.56 4.5919930313535975 14.56 4.5919930313535975

986000 236297.69288039207 12.04 5.517100687861333 13.04 5.517100687861333

987000 236453.8563528061 12.63 5.019272855703305 13.63 5.019272855703305

988000 236610.33024024963 11.83 6.112372698060876 12.83 6.112372698060876

989000 236777.4351556301 13.19 6.6808607229907135 14.19 6.6808607229907135

990000 236953.31658244133 12.48 5.541624310615075 13.48 5.541624310615075

991000 237154.05442738533 14.27 5.3811801679557245 15.27 5.3811801679557245

992000 237364.1713373661 13.82 4.815350454535994 14.82 4.815350454535994

993000 237541.1679635048 10.2 5.80689245638319 11.2 5.80689245638319

994000 237699.14577245712 11.88 5.757221552103063 12.88 5.757221552103063

995000 237879.41101861 13.21 5.703148253377252 14.21 5.703148253377252

996000 238044.95757603645 11.24 5.087474815662482 12.24 5.087474815662482

997000 238219.44953227043 14.11 5.9412035817669135 15.11 5.9412035817669135

998000 238398.11267614365 12.9 6.019136150644875 13.9 6.019136150644875

999000 238571.9412536621 13.74 5.445401729900192 14.74 5.445401729900192

