1000.0 8.047560453414917 -0.88 0.38157568056677826 0.12 0.38157568056677826
2000.0 18.193862915039062 -0.76 0.5122499389946279 0.24 0.5122499389946279
3000.0 30.815993547439575 -0.54 0.8416650165000328 0.46 0.8416650165000328
4000.0 44.49158978462219 -0.23 1.0183810681665288 0.77 1.0183810681665288
5000.0 61.30174660682678 -0.23 1.0378342834961658 0.77 1.0378342834961658
6000.0 77.24755144119263 -0.29 0.8977193325310533 0.71 0.8977193325310533
7000.0 93.35695505142212 -0.3 1.1 0.7 1.1
8000.0 110.78458189964294 -0.31 0.891010662113535 0.69 0.891010662113535
9000.0 127.00921654701233 -0.19 1.0362914647916388 0.81 1.0362914647916386
10000.0 143.9535093307495 -0.12 1.107068200247844 0.88 1.107068200247844
11000.0 161.49043989181519 0.05 1.3955285736952863 1.05 1.3955285736952863
12000.0 178.97433376312256 -0.07 1.3285706605220515 0.93 1.3285706605220515
13000.0 196.36548280715942 -0.21 1.0889903580840374 0.79 1.0889903580840374
14000.0 214.08301997184753 -0.14 1.2001666550941996 0.86 1.2001666550941996
15000.0 231.70018243789673 -0.05 1.2519984025548914 0.95 1.2519984025548914
16000.0 249.08709263801575 -0.17 1.1406577050105784 0.83 1.1406577050105784
17000.0 265.7335526943207 -0.2 1.1401754250991378 0.8 1.1401754250991378
18000.0 282.80036878585815 -0.14 1.0584894897919392 0.86 1.0584894897919392
19000.0 301.23374819755554 -0.16 1.3169662106523463 0.84 1.3169662106523463
20000.0 322.05111360549927 -0.18 0.9937806599043875 0.82 0.9937806599043875
21000.0 342.58990597724915 -0.06 1.129778739399888 0.94 1.129778739399888
22000.0 359.61848759651184 -0.07 1.2747941010218082 0.93 1.2747941010218082
23000.0 376.04756116867065 0.12 1.282809416865966 1.12 1.282809416865966
24000.0 394.7853972911835 0.04 1.5551205741035004 1.04 1.5551205741035004
25000.0 413.0769302845001 0.37 1.6532090007013631 1.37 1.6532090007013631
26000.0 431.1968939304352 0.13 1.4328642643321106 1.13 1.4328642643321106
27000.0 447.8167088031769 0.19 1.324348896628075 1.19 1.324348896628075
28000.0 464.46661162376404 0.4 1.70293863659264 1.4 1.70293863659264
29000.0 482.4517614841461 0.11 1.2561448961007644 1.11 1.2561448961007644
30000.0 499.25853967666626 0.35 1.6454482671904334 1.35 1.6454482671904334
31000.0 516.561110496521 0.43 1.7564452738414593 1.43 1.7564452738414593
32000.0 533.3766458034515 0.31 1.71286310019219 1.31 1.71286310019219
33000.0 551.496383190155 0.29 1.557530096017409 1.29 1.557530096017409
34000.0 569.7418448925018 0.47 1.9568086263096858 1.47 1.9568086263096858
35000.0 587.3367991447449 0.02 1.2959938271457931 1.02 1.2959938271457931
36000.0 605.5509221553802 0.16 1.4813507349712962 1.16 1.4813507349712962
37000.0 624.1679213047028 0.37 1.6950221237494218 1.37 1.6950221237494218
38000.0 641.4941399097443 0.57 1.4849579118614777 1.57 1.4849579118614775
39000.0 657.1919493675232 0.29 1.6266222671536255 1.29 1.6266222671536255
40000.0 672.5450863838196 0.66 1.955607322547142 1.66 1.9556073225471418
41000.0 688.359760761261 0.25 1.6332482971061075 1.25 1.6332482971061075
42000.0 704.006698846817 0.51 1.6582822437691362 1.51 1.6582822437691362
43000.0 719.9849662780762 0.67 1.8113806888669206 1.67 1.8113806888669206
44000.0 736.0534317493439 0.9 2.238302928559939 1.9 2.238302928559939
45000.0 752.6442229747772 0.94 2.0485116548362616 1.94 2.0485116548362616
46000.0 769.1482388973236 1.01 2.397894910124295 2.01 2.397894910124295
47000.0 785.2085239887238 1.68 2.752744085453641 2.68 2.752744085453641
48000.0 801.9618899822235 1.1 2.304343724360582 2.1 2.304343724360582
49000.0 817.9049315452576 1.72 2.177521526874074 2.72 2.177521526874074
50000.0 834.3432328701019 1.68 2.556873090319502 2.68 2.556873090319502
51000.0 850.597734451294 1.15 2.0316249653910043 2.15 2.0316249653910043
52000.0 866.8416426181793 1.44 2.312228362424438 2.44 2.312228362424438
53000.0 883.8013513088226 1.79 2.5270338343599597 2.79 2.5270338343599597
54000.0 905.1173961162567 2.55 3.275286247032464 3.55 3.275286247032464
55000.0 928.3857321739197 1.93 2.6990924400620293 2.93 2.6990924400620293
56000.0 944.6796669960022 2.38 3.0390129976688156 3.38 3.0390129976688156
57000.0 962.9695408344269 3.13 3.422440649594965 4.13 3.422440649594965
58000.0 979.5597686767578 2.24 3.475974683452111 3.24 3.475974683452111
59000.0 995.9424779415131 2.86 3.4438931458452657 3.86 3.4438931458452657
60000.0 1012.4787027835846 2.64 3.3332266649599447 3.64 3.3332266649599447
61000.0 1029.1686265468597 3.54 3.639835161102766 4.54 3.639835161102766
62000.0 1046.2374520301819 3.25 3.6176649927819464 4.25 3.6176649927819464
63000.0 1063.2781143188477 4.22 4.016416313083095 5.22 4.016416313083095
64000.0 1080.3844330310822 3.78 3.756540962108626 4.78 3.756540962108626
65000.0 1098.896716594696 3.76 3.725909284993396 4.76 3.725909284993396
66000.0 1116.4253377914429 4.17 3.9599368681836333 5.17 3.9599368681836333
67000.0 1133.9262800216675 4.23 4.1130402380720765 5.23 4.1130402380720765
68000.0 1151.6825895309448 4.63 4.080820995829147 5.63 4.080820995829147
69000.0 1169.7372035980225 3.91 3.909207080726218 4.91 3.909207080726218
70000.0 1187.436961889267 3.66 3.8137121024010185 4.66 3.8137121024010185
71000.0 1205.086790561676 3.63 3.6239619203297377 4.63 3.6239619203297377
72000.0 1222.8072261810303 3.75 4.104570623098109 4.75 4.104570623098109
73000.0 1239.9674928188324 3.4 3.6496575181789317 4.4 3.6496575181789317
74000.0 1256.9282450675964 3.89 3.4868180336805645 4.89 3.486818033680565
75000.0 1274.08522439003 3.57 3.745010013337748 4.57 3.7450100133377484
76000.0 1291.0265755653381 3.95 3.868785339095463 4.95 3.868785339095463
77000.0 1308.5501611232758 3.79 4.097059921455872 4.79 4.097059921455872
78000.0 1326.8978588581085 3.96 3.7092317263821624 4.96 3.7092317263821624
79000.0 1344.4458684921265 4.75 4.165033013074447 5.75 4.165033013074447
80000.0 1362.529282093048 3.84 3.804523623267439 4.84 3.804523623267439
81000.0 1379.5872960090637 3.37 3.51754175526034 4.37 3.51754175526034
82000.0 1396.3966596126556 3.5 3.3301651610693423 4.5 3.3301651610693423
83000.0 1413.7419323921204 3.46 3.732077169620157 4.46 3.732077169620157
84000.0 1430.8575439453125 4.18 3.9405075815178936 5.18 3.9405075815178936
85000.0 1447.9399371147156 4.44 3.8427073789191915 5.44 3.8427073789191915
86000.0 1465.4261898994446 3.92 4.127178212774438 4.92 4.127178212774438
87000.0 1484.291175365448 4.36 3.9812560831978647 5.36 3.9812560831978647
88000.0 1502.4831449985504 3.76 4.030186099921441 4.76 4.030186099921441
89000.0 1520.0080769062042 5.88 3.9906891635405533 6.88 3.9906891635405533
90000.0 1538.4099249839783 4.65 3.955692101263697 5.65 3.955692101263697
91000.0 1556.1566200256348 5.83 3.561053214991318 6.83 3.561053214991318
92000.0 1573.8921873569489 8.22 3.7029177684631347 9.22 3.7029177684631347
93000.0 1592.4875206947327 8.1 3.866522985836241 9.1 3.866522985836241
94000.0 1611.362068414688 8.32 3.3908111124036386 9.32 3.3908111124036386
95000.0 1630.5283751487732 8.64 3.433715189120961 9.64 3.433715189120961
96000.0 1649.7479090690613 8.48 3.981155611125996 9.48 3.981155611125996
97000.0 1668.2410476207733 9.56 3.1664491153340832 10.56 3.1664491153340832
98000.0 1687.6264290809631 7.84 3.425551050561063 8.84 3.425551050561063
99000.0 1706.410603761673 8.58 3.3201807179730443 9.58 3.3201807179730443
100000.0 1725.6277432441711 9.15 3.2229644738966634 10.15 3.2229644738966634
101000.0 1744.5876104831696 9.68 3.0294553966018385 10.68 3.0294553966018385
102000.0 1763.5567636489868 10.0 3.0886890422961 11.0 3.0886890422961
103000.0 1782.8904836177826 9.5 2.8407745422683583 10.5 2.8407745422683583
104000.0 1801.7624633312225 9.66 2.743063980296486 10.66 2.743063980296486
105000.0 1821.2314865589142 9.85 2.861380785564899 10.85 2.861380785564899
106000.0 1842.5504930019379 10.37 3.3901474894169428 11.37 3.3901474894169428
107000.0 1861.9718923568726 9.31 3.0122914865596924 10.31 3.0122914865596924
108000.0 1881.1820278167725 9.35 3.284432979982998 10.35 3.284432979982998
109000.0 1900.4593431949615 10.15 3.021175268004159 11.15 3.021175268004159
110000.0 1920.1624817848206 9.88 2.919863010485252 10.88 2.919863010485252
111000.0 1939.4456634521484 9.97 2.7944766951971527 10.97 2.7944766951971527
112000.0 1958.6968522071838 9.7 3.2326459750489227 10.7 3.2326459750489227
113000.0 1977.9804558753967 9.03 2.8825509535826077 10.03 2.8825509535826077
114000.0 1996.6017580032349 9.94 2.83485449362044 10.94 2.83485449362044
115000.0 2015.5137944221497 8.98 3.4116858003045945 9.98 3.4116858003045945
116000.0 2034.2152936458588 9.48 2.9205478938034894 10.48 2.9205478938034894
117000.0 2053.208755970001 10.45 3.222964473896664 11.45 3.222964473896664
118000.0 2073.065512895584 9.8 2.7568097504180447 10.8 2.7568097504180447
119000.0 2092.653744697571 10.32 3.1808175049820133 11.32 3.1808175049820133
120000.0 2112.29901266098 10.41 3.2621925142455948 11.41 3.2621925142455948
121000.0 2131.6563622951508 10.31 2.59882665832102 11.31 2.59882665832102
122000.0 2150.74635887146 9.6 2.8600699292150185 10.6 2.8600699292150185
123000.0 2169.780844926834 9.65 2.984543516184678 10.65 2.984543516184678
124000.0 2189.001275062561 9.91 2.6536578528514188 10.91 2.6536578528514188
125000.0 2208.164240837097 10.3 2.879236009777594 11.3 2.879236009777594
126000.0 2228.6024951934814 10.3 2.714774392099646 11.3 2.714774392099646
127000.0 2248.222173690796 9.86 2.9967315528755654 10.86 2.9967315528755654
128000.0 2267.347861289978 9.86 3.3106494831075066 10.86 3.3106494831075066
129000.0 2286.6385266780853 9.78 2.755285829092873 10.78 2.755285829092873
130000.0 2306.1195249557495 10.0 2.9223278392404914 11.0 2.9223278392404914
131000.0 2325.357470035553 9.81 3.223957195745626 10.81 3.223957195745626
132000.0 2344.530574798584 9.59 3.779140113835421 10.59 3.779140113835421
133000.0 2363.832033395767 9.69 3.4196344833914636 10.69 3.4196344833914636
134000.0 2383.4327187538147 9.64 4.043562785465313 10.64 4.043562785465313
135000.0 2402.7331726551056 9.54 3.3835484332280514 10.54 3.3835484332280514
136000.0 2422.1721289157867 9.34 3.9654003580975274 10.34 3.9654003580975274
137000.0 2445.877452135086 8.89 4.171078997094157 9.89 4.171078997094157
138000.0 2470.013413667679 9.2 3.9824615503479754 10.2 3.9824615503479754
139000.0 2493.239486694336 10.26 3.568248870244339 11.26 3.568248870244339
140000.0 2518.042356967926 9.25 3.8088712238667246 10.25 3.8088712238667246
141000.0 2541.9131050109863 9.16 4.551307504443091 10.16 4.551307504443091
142000.0 2563.0674068927765 9.57 3.940190350731802 10.57 3.940190350731802
143000.0 2579.198448896408 10.6 3.7868192457522976 11.6 3.7868192457522976
144000.0 2597.9974393844604 10.41 3.3825877667844777 11.41 3.3825877667844777
145000.0 2616.158824443817 10.31 4.305101624816771 11.31 4.305101624816771
146000.0 2633.4835197925568 9.41 3.9194259783799974 10.41 3.9194259783799974
147000.0 2649.9928810596466 9.49 3.748319623511314 10.49 3.748319623511314
148000.0 2667.000801086426 9.22 4.22748151977037 10.22 4.22748151977037
149000.0 2684.093415737152 9.3 4.27668095606862 10.3 4.27668095606862
150000.0 2701.0153391361237 9.37 4.486992311114428 10.37 4.486992311114428
151000.0 2718.126134157181 9.6 3.8366652186501757 10.6 3.8366652186501757
152000.0 2735.5243861675262 9.7 3.659234892706398 10.7 3.659234892706398
153000.0 2752.0505850315094 9.97 3.115942874957755 10.97 3.115942874957755
154000.0 2768.4525434970856 9.91 3.8706459409251064 10.91 3.8706459409251064
155000.0 2785.3204956054688 8.97 4.461961452097049 9.97 4.461961452097049
156000.0 2801.9052612781525 9.09 4.400215903793813 10.09 4.400215903793813
157000.0 2818.764267683029 8.89 4.404304712437594 9.89 4.404304712437594
158000.0 2835.2516000270844 9.38 4.054084360247082 10.38 4.054084360247082
159000.0 2851.6670382022858 9.43 3.8555284981439315 10.43 3.8555284981439315
160000.0 2867.8179030418396 10.22 3.8925056197775745 11.22 3.8925056197775745
161000.0 2884.829017162323 10.41 3.638942153978268 11.41 3.638942153978268
162000.0 2901.77418923378 8.76 4.209798094920942 9.76 4.209798094920942
163000.0 2918.0671679973602 10.44 3.9982996385963867 11.44 3.9982996385963867
164000.0 2935.004452228546 8.19 4.351310147530281 9.19 4.351310147530281
165000.0 2956.5570483207703 9.82 4.1746377088317494 10.82 4.1746377088317494
166000.0 2979.52205491066 9.74 3.968929326657254 10.74 3.968929326657254
167000.0 3001.980024576187 10.03 4.313826607549265 11.03 4.313826607549265
168000.0 3024.0059337615967 10.49 3.6999864864618086 11.49 3.6999864864618086
169000.0 3046.7128813266754 9.91 4.675671074829794 10.91 4.675671074829794
170000.0 3063.5457804203033 8.68 4.937367719747031 9.68 4.937367719747031
171000.0 3079.5029950141907 9.19 4.797280479605086 10.19 4.797280479605086
172000.0 3095.8910245895386 10.4 4.465422712353221 11.4 4.465422712353221
173000.0 3112.3478515148163 9.8 3.8288379438153295 10.8 3.8288379438153295
174000.0 3130.517761707306 10.62 4.189940333704048 11.62 4.189940333704048
175000.0 3147.1668031215668 10.36 3.23579974658507 11.36 3.23579974658507
176000.0 3163.4877948760986 9.76 4.252340531989413 10.76 4.252340531989413
177000.0 3179.856795310974 10.05 4.015905875391006 11.05 4.015905875391006
178000.0 3196.0247457027435 10.1 4.3737855457258075 11.1 4.3737855457258075
179000.0 3212.5506105422974 10.45 3.8376425054973526 11.45 3.8376425054973526
180000.0 3228.823575258255 9.3 4.274342054632503 10.3 4.274342054632503
181000.0 3244.7650582790375 10.57 4.188687145156583 11.57 4.188687145156583
182000.0 3264.1836564540863 11.0 3.2588341473600644 12.0 3.2588341473600644
183000.0 3284.829878091812 10.46 3.922805118789359 11.46 3.922805118789359
184000.0 3306.11985039711 9.81 4.428758290988569 10.81 4.428758290988569
185000.0 3323.5685906410217 10.41 4.549934065456334 11.41 4.549934065456334
186000.0 3343.4315814971924 10.8 3.63042697213427 11.8 3.63042697213427
187000.0 3363.036556482315 10.01 4.3508504915705855 11.01 4.3508504915705855
188000.0 3381.0884866714478 9.06 4.542730456454576 10.06 4.542730456454576
189000.0 3398.003458738327 10.37 4.439943693336662 11.37 4.439943693336662
190000.0 3416.315481185913 9.58 4.361605209094468 10.58 4.361605209094468
191000.0 3433.636472463608 10.74 4.177606970503568 11.74 4.177606970503568
192000.0 3451.222456216812 10.52 3.0215227948834014 11.52 3.0215227948834014
193000.0 3468.6713976860046 11.11 3.6301377384336266 12.11 3.6301377384336266
194000.0 3486.750426054001 11.44 3.8531026459205573 12.44 3.8531026459205573
195000.0 3505.4353725910187 10.99 3.47417616133667 11.99 3.47417616133667
196000.0 3523.517328977585 8.47 4.5087803228811225 9.47 4.5087803228811225
197000.0 3540.835312604904 10.16 4.362843109716415 11.16 4.362843109716415
198000.0 3559.4393548965454 9.57 4.396032301974134 10.57 4.396032301974134
199000.0 3577.0713317394257 9.97 4.121783594513424 10.97 4.121783594513424
200000.0 3594.937049150467 9.68 4.105800774514029 10.68 4.105800774514029
201000.0 3612.3695673942566 9.96 3.6081019941237797 10.96 3.6081019941237797
202000.0 3630.6309838294983 11.14 3.79214978607122 12.14 3.79214978607122
203000.0 3649.228218317032 9.19 4.704667894761542 10.19 4.704667894761542
204000.0 3665.9631085395813 9.92 4.039009779636588 10.92 4.039009779636588
205000.0 3683.8171660900116 10.61 4.096083495242743 11.61 4.096083495242743
206000.0 3703.995037794113 10.57 4.020584534616826 11.57 4.020584534616826
207000.0 3721.863114595413 9.64 4.729735722003927 10.64 4.729735722003927
208000.0 3738.9850981235504 8.85 4.594289934255347 9.85 4.594289934255347
209000.0 3756.3579614162445 9.61 4.019689042699696 10.61 4.019689042699696
210000.0 3774.05003285408 9.53 3.642677586611256 10.53 3.642677586611256
211000.0 3791.502952337265 8.91 4.032604617365804 9.91 4.032604617365804
212000.0 3807.816997051239 10.25 3.9328742669960857 11.25 3.9328742669960857
213000.0 3825.2700102329254 8.31 4.610195223632076 9.31 4.610195223632076
214000.0 3841.743927001953 10.87 3.979082808889506 11.87 3.979082808889506
215000.0 3858.6519100666046 8.89 4.312528260776966 9.89 4.312528260776966
216000.0 3878.3809204101562 9.18 4.576854815263425 10.18 4.576854815263425
217000.0 3896.50199174881 10.36 4.293064173757481 11.36 4.293064173757481
218000.0 3915.606917858124 9.4 4.266145801540309 10.4 4.266145801540309
219000.0 3932.9314856529236 9.69 4.72375909631302 10.69 4.72375909631302
220000.0 3949.8068432807922 10.49 3.8948555814047845 11.49 3.8948555814047845
221000.0 3966.8517928123474 10.42 3.842343035180487 11.42 3.842343035180487
222000.0 3983.892685651779 10.34 4.395952684003776 11.34 4.395952684003776
223000.0 4001.1131801605225 11.43 3.4124917582318055 12.43 3.4124917582318055
224000.0 4020.7387816905975 10.31 4.165801243458454 11.31 4.165801243458454
225000.0 4037.7827281951904 10.47 3.511281817228574 11.47 3.511281817228574
226000.0 4056.558713912964 9.95 4.162631379308046 10.95 4.162631379308046
227000.0 4073.461684703827 9.8 4.280186911806539 10.8 4.280186911806539
228000.0 4091.2847023010254 10.74 3.9385784237463137 11.74 3.9385784237463137
229000.0 4108.637676000595 9.4 3.725587202039431 10.4 3.725587202039431
230000.0 4125.966581821442 9.22 4.175116764834248 10.22 4.175116764834248
231000.0 4143.503618001938 9.22 4.678846011571657 10.22 4.678846011571657
232000.0 4162.124550819397 7.96 4.640948178982394 8.96 4.640948178982394
233000.0 4179.879568099976 7.91 4.762551836988234 8.91 4.762551836988234
234000.0 4198.024983167648 8.12 4.731342304251511 9.12 4.731342304251511
235000.0 4214.707715749741 7.21 4.222072950577713 8.21 4.222072950577713
236000.0 4232.920561790466 7.43 4.585313511636909 8.43 4.585313511636909
237000.0 4249.980662345886 7.52 4.4485503256679015 8.52 4.4485503256679015
238000.0 4267.677634477615 7.02 4.745482061919526 8.02 4.745482061919526
239000.0 4285.159699201584 8.69 4.755407448368646 9.69 4.755407448368646
240000.0 4304.51039981842 7.75 4.391753636077507 8.75 4.391753636077507
241000.0 4323.550389289856 7.03 4.587929816376881 8.03 4.587929816376882
242000.0 4339.540586709976 7.5 4.8342527861087286 8.5 4.8342527861087286
243000.0 4356.31421995163 8.06 4.151674361025922 9.06 4.151674361025922
244000.0 4373.49130153656 7.98 4.567231108669672 8.98 4.567231108669672
245000.0 4391.135272741318 10.85 4.990741427884237 11.85 4.990741427884237
246000.0 4408.935284852982 11.33 4.669164807543209 12.33 4.669164807543209
247000.0 4426.52454328537 9.75 4.607331114647611 10.75 4.607331114647611
248000.0 4445.564217567444 10.95 3.3087006513131403 11.95 3.3087006513131403
249000.0 4462.798264980316 11.67 3.685254400987807 12.67 3.685254400987807
250000.0 4481.598520517349 11.46 3.718655671072545 12.46 3.718655671072545
251000.0 4499.46217250824 12.04 3.334426487418788 13.04 3.334426487418788
252000.0 4517.093111276627 10.92 4.046430525784423 11.92 4.046430525784423
253000.0 4537.034135103226 11.68 3.258465896706608 12.68 3.258465896706608
254000.0 4555.84704041481 11.71 4.0627453772049265 12.71 4.0627453772049265
255000.0 4573.9990611076355 11.44 3.5953303047147145 12.44 3.5953303047147145
256000.0 4590.993020772934 12.21 3.578533219071747 13.21 3.578533219071747
257000.0 4608.396082162857 11.44 3.5702100778525625 12.44 3.5702100778525625
258000.0 4626.990007400513 11.3 3.7775653535048206 12.3 3.7775653535048206
259000.0 4643.925916671753 11.49 3.661953030829314 12.49 3.661953030829314
260000.0 4659.97766661644 11.25 4.4008521902013475 12.25 4.4008521902013475
261000.0 4675.5550096035 11.31 3.864440451087324 12.31 3.864440451087324
262000.0 4691.214854717255 10.53 3.993632431759338 11.53 3.993632431759338
263000.0 4706.721749305725 11.78 4.511274764409723 12.78 4.511274764409723
264000.0 4722.456851243973 11.54 3.656282264814904 12.54 3.656282264814904
265000.0 4739.170612812042 11.58 3.9551991100322623 12.58 3.9551991100322623
266000.0 4756.41981959343 11.46 3.8585489500588173 12.46 3.8585489500588173
267000.0 4773.359902620316 12.18 3.5703781312348415 13.18 3.5703781312348415
268000.0 4790.811833381653 11.27 3.1870205521772212 12.27 3.1870205521772212
269000.0 4807.920814752579 11.47 3.548112174100475 12.47 3.548112174100475
270000.0 4824.811777353287 11.49 3.427812713670337 12.49 3.427812713670337
271000.0 4841.931828260422 11.68 3.7172032497564618 12.68 3.7172032497564618
272000.0 4858.891576290131 11.61 4.265899670643931 12.61 4.265899670643931
273000.0 4874.836795091629 11.89 3.546533518803961 12.89 3.546533518803961
274000.0 4891.15092921257 11.89 3.2615793720220885 12.89 3.2615793720220885
275000.0 4907.8354959487915 12.0 3.82099463490856 13.0 3.82099463490856
276000.0 4924.664068222046 12.37 3.2423910930052835 13.37 3.2423910930052835
277000.0 4942.615341901779 12.46 3.756115014213489 13.46 3.756115014213489
278000.0 4960.936547756195 11.95 3.329789783154486 12.95 3.329789783154486
279000.0 4979.828456878662 12.58 3.899179400848337 13.58 3.899179400848337
280000.0 4999.220396518707 11.69 3.2578980953983203 12.69 3.2578980953983203
281000.0 5015.21058678627 11.73 3.7198252647133843 12.73 3.7198252647133843
282000.0 5031.985440015793 11.59 3.4959834095716182 12.59 3.4959834095716182
283000.0 5048.649429321289 12.11 3.754717033279605 13.11 3.754717033279605
284000.0 5064.624408960342 12.18 3.8713821821153234 13.18 3.8713821821153234
285000.0 5081.2043561935425 11.72 3.4119788979417796 12.72 3.4119788979417796
286000.0 5101.05539727211 11.95 3.1348843678834473 12.95 3.1348843678834473
287000.0 5118.841191530228 11.59 3.577974287218957 12.59 3.577974287218957
288000.0 5135.233284950256 11.92 3.571218279523109 12.92 3.571218279523109
289000.0 5152.067391395569 12.16 3.8359353487774004 13.16 3.8359353487774004
290000.0 5170.828377723694 11.98 3.9849215801568794 12.98 3.9849215801568794
291000.0 5188.165264844894 13.04 3.7253724646000164 14.04 3.7253724646000164
292000.0 5205.386703491211 11.65 3.2569157188972513 12.65 3.2569157188972513
293000.0 5223.871219158173 12.21 3.4272292015562655 13.21 3.4272292015562655
294000.0 5242.809241056442 12.11 3.2121488134891885 13.11 3.2121488134891885
295000.0 5262.573414802551 12.44 3.620276232554638 13.44 3.620276232554638
296000.0 5282.459209680557 11.5 3.7828560638755477 12.5 3.7828560638755477
297000.0 5301.003121137619 11.86 3.6987024751931585 12.86 3.6987024751931585
298000.0 5319.979029178619 11.5 3.6041642581880198 12.5 3.6041642581880198
299000.0 5336.2701160907745 11.82 3.1444554377507083 12.82 3.1444554377507083
300000.0 5355.018084287643 12.46 3.570490162428683 13.46 3.570490162428683
301000.0 5373.682088136673 11.44 3.8008420119757673 12.44 3.8008420119757673
302000.0 5391.133043766022 12.09 3.452810449474457 13.09 3.452810449474457
303000.0 5407.858989238739 12.25 4.231725416422951 13.25 4.231725416422951
304000.0 5424.585823059082 12.71 3.516518164321066 13.71 3.516518164321066
305000.0 5441.187082290649 12.66 3.589484642675046 13.66 3.589484642675046
306000.0 5458.2938940525055 12.24 3.7205375955633073 13.24 3.7205375955633073
307000.0 5474.718821048737 12.39 3.282971215225622 13.39 3.282971215225622
308000.0 5491.185186862946 12.14 3.3076275485610527 13.14 3.3076275485610527
309000.0 5507.365099191666 12.51 3.0446510473287414 13.51 3.0446510473287414
310000.0 5523.818296670914 11.81 3.1770898633812674 12.81 3.1770898633812674
311000.0 5539.853763818741 12.4 4.044749683231337 13.4 4.044749683231337
312000.0 5556.108808755875 11.78 3.3153582008585434 12.78 3.3153582008585434
313000.0 5572.223670721054 11.03 3.4855559097509827 12.03 3.4855559097509827
314000.0 5588.381861209869 11.31 3.7193951121116458 12.31 3.7193951121116458
315000.0 5604.599764108658 12.05 3.4449238017697867 13.05 3.4449238017697867
316000.0 5620.737458229065 11.62 3.03572067226219 12.62 3.03572067226219
317000.0 5639.464761972427 12.28 3.8342665530711346 13.28 3.8342665530711346
318000.0 5658.041702270508 12.67 3.5554324631470644 13.67 3.5554324631470644
319000.0 5675.797606706619 12.26 3.2790852382943627 13.26 3.2790852382943627
320000.0 5694.297659635544 12.33 3.225073642570042 13.33 3.225073642570042
321000.0 5713.837865114212 12.82 3.8817006582167046 13.82 3.8817006582167046
322000.0 5731.843006372452 11.52 3.5425414605901233 12.52 3.5425414605901233
323000.0 5749.127928972244 12.18 3.479597677893236 13.18 3.479597677893236
324000.0 5768.1514303684235 12.09 3.3588539712229233 13.09 3.3588539712229233
325000.0 5789.922634124756 12.09 3.441206183883785 13.09 3.441206183883785
326000.0 5809.859045982361 11.64 3.238888698303787 12.64 3.238888698303787
327000.0 5828.800430297852 12.1 3.661966684720111 13.1 3.661966684720111
328000.0 5847.078446626663 11.85 3.8996794740080882 12.85 3.8996794740080882
329000.0 5864.542647361755 11.97 3.339026804324877 12.97 3.339026804324877
330000.0 5881.322214841843 11.86 3.44098823014552 12.86 3.44098823014552
331000.0 5898.610401153564 11.79 3.5896935802377334 12.79 3.5896935802377334
332000.0 5915.4314296245575 11.16 3.531911663674504 12.16 3.531911663674504
333000.0 5932.065259933472 11.95 3.564758056306206 12.95 3.564758056306206
334000.0 5948.734264612198 12.47 3.4130777899133795 13.47 3.4130777899133795
335000.0 5966.603483200073 12.47 3.6371829758756986 13.47 3.6371829758756986
336000.0 5984.900287151337 11.44 3.699513481526997 12.44 3.699513481526997
337000.0 6002.658364534378 11.93 3.595149510103857 12.93 3.595149510103857
338000.0 6019.994226694107 11.85 3.7185346576306104 12.85 3.7185346576306104
339000.0 6036.938278913498 12.3 3.398529093593286 13.3 3.398529093593286
340000.0 6054.167161941528 12.22 3.3062970223499275 13.22 3.3062970223499275
341000.0 6071.2612335681915 12.91 3.4032190643565685 13.91 3.4032190643565685
342000.0 6089.516571760178 11.1 2.5787593916455256 12.1 2.5787593916455256
343000.0 6107.619094610214 12.59 3.246829222487687 13.59 3.246829222487687
344000.0 6125.34614777565 12.21 3.7129368429856173 13.21 3.7129368429856173
345000.0 6144.151361703873 12.55 3.9657912199206855 13.55 3.9657912199206855
346000.0 6163.040803194046 12.15 3.2599846625406075 13.15 3.2599846625406075
347000.0 6181.8920838832855 11.48 3.1224349472807273 12.48 3.1224349472807273
348000.0 6199.990026473999 12.21 3.464953102135728 13.21 3.464953102135728
349000.0 6216.327065944672 12.11 3.7199327950918684 13.11 3.7199327950918684
350000.0 6232.628024101257 11.53 4.375968464237374 12.53 4.375968464237374
351000.0 6251.065966129303 11.91 3.649917807293748 12.91 3.649917807293748
352000.0 6269.407086849213 12.03 3.6618437978701386 13.03 3.6618437978701386
353000.0 6288.3628187179565 11.81 3.9336878371319703 12.81 3.9336878371319703
354000.0 6306.366938114166 11.75 3.272231654391235 12.75 3.272231654391235
355000.0 6325.391892910004 12.03 3.453852921014443 13.03 3.453852921014443
356000.0 6344.881690502167 11.65 3.672533185690771 12.65 3.672533185690771
357000.0 6362.879932880402 11.92 3.6129766121579032 12.92 3.6129766121579032
358000.0 6381.205050945282 11.52 3.758936019673652 12.52 3.758936019673652
359000.0 6399.354007959366 12.23 3.7732081840258958 13.23 3.7732081840258958
360000.0 6417.108098268509 12.28 3.4440673628719867 13.28 3.4440673628719867
361000.0 6434.0307030677795 11.9 3.661966684720111 12.9 3.661966684720111
362000.0 6452.781710863113 12.24 4.149987951789741 13.24 4.149987951789741
363000.0 6471.921850442886 11.53 3.112731919070449 12.53 3.112731919070449
364000.0 6490.110198020935 12.45 3.2476914878109957 13.45 3.2476914878109957
365000.0 6508.509646177292 12.22 3.2236004715224866 13.22 3.2236004715224866
366000.0 6526.902637004852 12.57 3.3948637675170414 13.57 3.3948637675170414
367000.0 6546.126034736633 12.13 3.342618733867206 13.13 3.342618733867206
368000.0 6570.123559951782 12.38 3.1265955926534534 13.38 3.1265955926534534
369000.0 6590.033708810806 12.45 3.3026504507743475 13.45 3.3026504507743475
370000.0 6609.1152086257935 12.27 3.1681382545589765 13.27 3.1681382545589765
371000.0 6627.673497915268 11.83 3.95235372910877 12.83 3.95235372910877
372000.0 6645.229462385178 12.57 3.3022870862479543 13.57 3.3022870862479543
373000.0 6662.850532054901 12.38 3.9642906048875877 13.38 3.9642906048875877
374000.0 6680.6463758945465 11.55 3.7745860700214533 12.55 3.7745860700214533
375000.0 6698.351449966431 11.89 3.9086954345407885 12.89 3.9086954345407885
376000.0 6717.247432947159 12.15 3.647944626772725 13.15 3.647944626772725
377000.0 6735.76437997818 12.22 3.5569087702666766 13.22 3.5569087702666766
378000.0 6755.2243111133575 11.71 3.611910851613035 12.71 3.611910851613035
379000.0 6772.262313604355 11.56 3.881546083714581 12.56 3.881546083714581
380000.0 6789.853268623352 12.11 3.7573794059157772 13.11 3.7573794059157772
381000.0 6807.269441127777 12.55 3.456515586540874 13.55 3.456515586540874
382000.0 6827.5161485672 11.97 3.2785820105649335 12.97 3.2785820105649335
383000.0 6845.747300386429 12.14 3.597276747763508 13.14 3.597276747763508
384000.0 6864.733201503754 12.48 3.368916739843833 13.48 3.368916739843833
385000.0 6882.403343439102 12.48 3.342095151248689 13.48 3.342095151248689
386000.0 6899.354160785675 11.79 3.2902735448591507 12.79 3.2902735448591507
387000.0 6917.428590774536 11.79 3.6750374147755287 12.79 3.6750374147755287
388000.0 6935.824006319046 12.09 3.5527313436284484 13.09 3.5527313436284484
389000.0 6952.666142463684 12.34 3.6502602646934643 13.34 3.6502602646934643
390000.0 6969.518070459366 11.31 3.3546832935465014 12.31 3.3546832935465014
391000.0 6987.951079130173 11.76 3.5892060403381696 12.76 3.5892060403381696
392000.0 7005.893032073975 12.64 3.6729279873147527 13.64 3.6729279873147527
393000.0 7026.030642271042 11.84 3.4777003896253054 12.84 3.4777003896253054
394000.0 7044.078055143356 12.22 3.465775526487542 13.22 3.465775526487542
395000.0 7062.301191568375 11.94 3.316082025523494 12.94 3.316082025523494
396000.0 7079.765360116959 11.59 3.4470131998586835 12.59 3.4470131998586835
397000.0 7096.663837194443 11.43 3.4590605661075084 12.43 3.4590605661075084
398000.0 7113.563886642456 12.06 3.2119153164428225 13.06 3.2119153164428225
399000.0 7132.745466470718 12.1 3.661966684720111 13.1 3.661966684720111
400000.0 7150.833736181259 11.68 3.679347768287201 12.68 3.679347768287201
401000.0 7168.285859584808 11.67 3.2219714461801177 12.67 3.2219714461801177
402000.0 7186.152865886688 11.57 3.578421439685382 12.57 3.578421439685382
403000.0 7202.5197904109955 11.93 3.8347229365366147 12.93 3.8347229365366147
404000.0 7220.69575381279 11.15 3.0343862641397514 12.15 3.0343862641397514
405000.0 7237.668611049652 12.02 3.4899283660270166 13.02 3.4899283660270166
406000.0 7256.233451366425 11.6 3.0166206257996713 12.6 3.0166206257996713
407000.0 7274.848668336868 11.94 3.6791846922925737 12.94 3.6791846922925737
408000.0 7293.00671505928 12.36 3.4943382778431746 13.36 3.4943382778431746
409000.0 7310.309553146362 11.82 3.229179462340239 12.82 3.229179462340239
410000.0 7327.973614215851 11.23 3.2980448753769256 12.23 3.2980448753769256
411000.0 7344.158550024033 12.06 3.009385319296949 13.06 3.009385319296949
412000.0 7362.104619503021 12.12 3.8968705392917533 13.12 3.8968705392917533
413000.0 7378.512881994247 11.79 3.7183195128982662 12.79 3.7183195128982662
414000.0 7395.1604471206665 11.79 3.4793533882030436 12.79 3.4793533882030436
415000.0 7411.914388895035 12.31 3.2548271843524965 13.31 3.2548271843524965
416000.0 7429.791464090347 12.07 3.320406601607701 13.07 3.320406601607701
417000.0 7447.808368444443 11.81 3.838476260184502 12.81 3.838476260184502
418000.0 7466.604467868805 11.84 3.8541406305426897 12.84 3.8541406305426897
419000.0 7486.295454502106 11.64 3.5539274049985883 12.64 3.5539274049985883
420000.0 7502.858374834061 11.38 3.6187843262620665 12.38 3.6187843262620665
421000.0 7520.644275188446 11.94 3.402410909928429 12.94 3.402410909928429
422000.0 7539.014381170273 11.71 4.111678489376327 12.71 4.111678489376327
423000.0 7557.383147239685 11.7 3.3090784215548594 12.7 3.3090784215548594
424000.0 7574.744261026382 11.86 4.54537127196448 12.86 4.54537127196448
425000.0 7592.742260932922 11.7 3.144837038703278 12.7 3.144837038703278
426000.0 7612.698488235474 11.44 3.94289233938742 12.44 3.94289233938742
427000.0 7632.741231441498 12.06 3.1299201267764007 13.06 3.1299201267764007
428000.0 7652.677140712738 11.77 3.466568908878057 12.77 3.466568908878057
429000.0 7672.820343971252 11.97 3.576185118251011 12.97 3.576185118251011
430000.0 7692.652213335037 11.26 3.4687749999099107 12.26 3.4687749999099107
431000.0 7711.862993717194 11.42 3.922193263978714 12.42 3.922193263978714
432000.0 7731.052121162415 11.33 4.0572281178164 12.33 4.0572281178164
433000.0 7748.454911708832 10.68 4.230555519077844 11.68 4.230555519077844
434000.0 7765.498233556747 11.2 3.944616584663204 12.2 3.944616584663204
435000.0 7783.118824005127 11.01 3.6728599210969097 12.01 3.6728599210969097
436000.0 7801.0490899086 11.47 3.511281817228574 12.47 3.511281817228574
437000.0 7818.860195636749 11.23 3.700959335091375 12.23 3.700959335091375
438000.0 7838.384535074234 11.79 3.8840571571489524 12.79 3.8840571571489524
439000.0 7856.763177394867 12.08 3.846244921998598 13.08 3.846244921998598
440000.0 7873.610007286072 12.05 3.7292760691587317 13.05 3.7292760691587317
441000.0 7891.610153436661 11.69 3.646080086887835 12.69 3.646080086887835
442000.0 7909.23913860321 11.6 3.5014282800023193 12.6 3.5014282800023193
443000.0 7926.165632724762 11.68 3.2553955212846253 12.68 3.2553955212846253
444000.0 7942.560895681381 11.36 3.651082031398363 12.36 3.651082031398363
445000.0 7958.975857019424 11.58 3.842343035180487 12.58 3.842343035180487
446000.0 7975.501099824905 11.86 3.8288901786287886 12.86 3.8288901786287886
447000.0 7991.639790058136 11.73 4.429119551332973 12.73 4.429119551332973
448000.0 8007.9377617836 12.22 3.336405251164792 13.22 3.336405251164792
449000.0 8024.420726060867 11.7 3.6152454965050436 12.7 3.6152454965050436
450000.0 8040.891583919525 12.32 3.0029319006597537 13.32 3.0029319006597537
451000.0 8057.253669023514 11.7 3.5510561809129406 12.7 3.5510561809129406
452000.0 8073.425773859024 11.56 3.2781702213277453 12.56 3.2781702213277453
453000.0 8090.261625051498 11.9 3.1543620591175006 12.9 3.1543620591175006
454000.0 8108.354647397995 11.74 3.9385784237463146 12.74 3.9385784237463146
455000.0 8126.329624414444 12.18 3.131708798723151 13.18 3.131708798723151
456000.0 8142.862584114075 12.32 3.1839597987411836 13.32 3.1839597987411836
457000.0 8159.732545614243 12.39 3.325342087665568 13.39 3.325342087665568
458000.0 8177.920564889908 12.27 3.5351237602098173 13.27 3.5351237602098173
459000.0 8194.564048528671 12.21 3.4213886069840123 13.21 3.4213886069840123
460000.0 8211.848510980606 12.01 3.410263919405652 13.01 3.410263919405652
461000.0 8228.567567586899 12.02 3.6193369558525497 13.02 3.6193369558525497
462000.0 8244.81510066986 11.85 3.1949178393191895 12.85 3.1949178393191895
463000.0 8262.538949012756 12.02 3.781481191279417 13.02 3.781481191279417
464000.0 8288.642474412918 12.02 3.695889608741041 13.02 3.695889608741041
465000.0 8310.7655377388 11.67 3.406038754917507 12.67 3.406038754917507
466000.0 8329.87044930458 11.94 3.50662230643678 12.94 3.50662230643678
467000.0 8349.654841661453 12.33 3.408973452522035 13.33 3.408973452522035
468000.0 8369.572875261307 11.9 4.080441152620633 12.9 4.080441152620633
469000.0 8391.317077636719 11.86 3.3136686617705156 12.86 3.3136686617705156
470000.0 8410.710262537003 11.89 3.3701483646866355 12.89 3.3701483646866355
471000.0 8429.006247282028 12.23 3.4142495515120155 13.23 3.4142495515120155
472000.0 8448.022169828415 12.33 3.7763871623550465 13.33 3.7763871623550465
473000.0 8468.563247442245 12.21 3.409677404095584 13.21 3.409677404095584
474000.0 8489.695212602615 11.71 3.707546358442467 12.71 3.707546358442467
475000.0 8507.581168174744 11.64 3.488610038396381 12.64 3.488610038396381
476000.0 8524.215150117874 12.15 3.511053972812152 13.15 3.511053972812152
477000.0 8541.034979820251 12.65 3.439113257803528 13.65 3.439113257803528
478000.0 8560.35723400116 12.13 4.192028148760454 13.13 4.192028148760454
479000.0 8581.702152013779 12.04 3.7654216231386357 13.04 3.7654216231386357
480000.0 8602.825139522552 12.17 3.0001833277318237 13.17 3.0001833277318237
481000.0 8628.482180833817 12.53 3.5901392730644868 13.53 3.5901392730644868
482000.0 8652.865931510925 12.34 3.473384516577455 13.34 3.473384516577455
483000.0 8677.246765136719 11.4 3.8000000000000003 12.4 3.8000000000000003
484000.0 8699.688336372375 11.81 3.254827184352496 12.81 3.254827184352496
485000.0 8719.036310911179 11.57 4.545888252036119 12.57 4.545888252036119
486000.0 8738.885025024414 11.83 3.7763871623550465 12.83 3.7763871623550465
487000.0 8758.095923185349 12.13 3.486129659091871 13.13 3.486129659091871
488000.0 8778.63182091713 12.31 3.5176554692010416 13.31 3.5176554692010416
489000.0 8798.719566345215 11.61 3.8907454298630224 12.61 3.8907454298630224
490000.0 8816.6996281147 12.22 3.551281458853973 13.22 3.551281458853973
491000.0 8837.059753656387 11.35 3.6452023263462343 12.35 3.6452023263462343
492000.0 8855.30382657051 11.97 4.1169284667091315 12.97 4.1169284667091315
493000.0 8873.489965438843 12.35 3.747999466382032 13.35 3.747999466382032
494000.0 8892.987951517105 11.98 3.518465574650404 12.98 3.518465574650404
495000.0 8912.703429222107 12.06 3.5855822400274127 13.06 3.5855822400274127
496000.0 8934.096858739853 11.92 3.1549326458737594 12.92 3.1549326458737594
497000.0 8953.20541191101 11.61 3.104496738603538 12.61 3.104496738603538
498000.0 8978.02861380577 11.77 3.6982563459014033 12.77 3.6982563459014033
499000.0 8995.989510536194 11.92 2.8937173324289986 12.92 2.8937173324289986
500000.0 9017.952547311783 12.38 3.6215466309299407 13.38 3.6215466309299407
501000.0 9040.892522573471 12.63 4.080820995829147 13.63 4.080820995829147
502000.0 9061.326795816422 12.3 3.73496987939662 13.3 3.73496987939662
503000.0 9083.011442184448 12.22 3.0119096932013085 13.22 3.0119096932013085
504000.0 9104.639629125595 12.68 3.8206805676476017 13.68 3.8206805676476017
505000.0 9128.170593976974 12.5 3.3391615714128 13.5 3.3391615714128
506000.0 9148.660939216614 11.84 3.233326460473795 12.84 3.233326460473795
507000.0 9169.117014884949 11.75 3.4011027623404737 12.75 3.4011027623404737
508000.0 9187.968282938004 11.67 3.2405400784437153 12.67 3.2405400784437153
509000.0 9205.607248306274 12.2 3.558089374931439 13.2 3.558089374931439
510000.0 9223.537953615189 11.96 3.2246550203083735 12.96 3.2246550203083735
511000.0 9242.530236721039 11.81 3.8773573474726315 12.81 3.8773573474726315
512000.0 9259.771564245224 11.56 2.933666647729425 12.56 2.933666647729425
513000.0 9279.669092178345 12.39 3.799723674163688 13.39 3.799723674163688
514000.0 9300.539414167404 11.69 3.526173563510452 12.69 3.526173563510452
515000.0 9321.14828157425 11.7 4.006245124802025 12.7 4.006245124802025
516000.0 9343.299134969711 12.1 3.407345007480164 13.1 3.407345007480164
517000.0 9363.407148838043 12.22 3.389926252885157 13.22 3.389926252885157
518000.0 9383.767147064209 12.27 4.004634814811458 13.27 4.004634814811458
519000.0 9403.82904100418 12.58 3.567015559259589 13.58 3.567015559259589
520000.0 9422.007028579712 12.31 4.19927374673288 13.31 4.19927374673288
521000.0 9441.608273029327 12.07 3.6776487053550944 13.07 3.6776487053550944
522000.0 9460.556002140045 11.79 3.6913276744282673 12.79 3.6913276744282673
523000.0 9482.52520942688 11.05 3.879110722833263 12.05 3.879110722833263
524000.0 9503.451028108597 12.12 3.2902279556286067 13.12 3.2902279556286067
525000.0 9523.683526277542 10.93 3.736990767984315 11.93 3.736990767984315
526000.0 9544.01988863945 12.53 3.3149811462510614 13.53 3.3149811462510614
527000.0 9564.897061824799 12.1 3.7589892258425 13.1 3.7589892258425
528000.0 9585.195131063461 11.51 3.2295355703258632 12.51 3.2295355703258632
529000.0 9608.5497879982 12.18 3.5843548931432556 13.18 3.5843548931432556
530000.0 9631.140783548355 12.25 3.106042498099471 13.25 3.106042498099471
531000.0 9651.227599143982 12.15 3.6093628246547893 13.15 3.6093628246547893
532000.0 9671.328710079193 11.99 3.170157724782791 12.99 3.170157724782791
533000.0 9689.928705692291 11.87 3.681453517294494 12.87 3.681453517294494
534000.0 9707.925607919693 11.63 3.448637412080313 12.63 3.448637412080313
535000.0 9726.413802146912 11.89 3.523904084960316 12.89 3.523904084960316
536000.0 9747.572047948837 11.49 3.5678985411583666 12.49 3.5678985411583666
537000.0 9768.766027450562 12.22 3.761861241460137 13.22 3.761861241460137
538000.0 9789.187616109848 11.85 3.79835490706174 12.85 3.79835490706174
539000.0 9809.436523675919 12.61 3.282971215225622 13.61 3.282971215225622
540000.0 9828.409542798996 11.99 3.0773202628260843 12.99 3.0773202628260843
541000.0 9846.12076330185 12.4 3.307567081708246 13.4 3.307567081708246
542000.0 9864.180444717407 11.07 3.850337647531707 12.07 3.850337647531707
543000.0 9882.752447128296 12.39 3.610803234738775 13.39 3.610803234738775
544000.0 9901.870459318161 11.45 3.034386264139752 12.45 3.034386264139752
545000.0 9919.550383090973 11.92 3.1230754073509015 12.92 3.1230754073509015
546000.0 9937.637382268906 11.86 3.5157360538015365 12.86 3.5157360538015365
547000.0 9955.691806316376 12.02 3.1905485421789153 13.02 3.1905485421789153
548000.0 9974.124353408813 12.23 3.783794391877022 13.23 3.783794391877022
549000.0 9992.412143468857 11.32 3.7785711585201094 12.32 3.7785711585201094
550000.0 10010.546612262726 12.36 3.354161594199063 13.36 3.354161594199063
551000.0 10030.75216460228 11.5 3.4219877264537346 12.5 3.4219877264537346
552000.0 10055.570260286331 11.12 3.3860891896109298 12.12 3.3860891896109298
553000.0 10075.320166349411 11.72 3.5667352018337444 12.72 3.5667352018337444
554000.0 10098.573226928711 11.92 3.6760848738841707 12.92 3.6760848738841707
555000.0 10123.296108007431 12.18 3.6807064539297345 13.18 3.6807064539297345
556000.0 10146.59304356575 10.77 3.6162273158638683 11.77 3.6162273158638683
557000.0 10169.115220785141 12.19 3.730134045848754 13.19 3.730134045848754
558000.0 10191.324051380157 12.09 4.338421371881712 13.09 4.338421371881712
559000.0 10213.154170036316 11.13 4.021579291770833 12.13 4.021579291770833
560000.0 10235.117804288864 10.32 4.351735286066927 11.32 4.351735286066927
561000.0 10254.093152046204 11.44 3.9832649924402466 12.44 3.9832649924402466
562000.0 10275.858757734299 11.17 3.810656111485265 12.17 3.810656111485265
563000.0 10296.879716396332 11.97 3.5027275086709215 12.97 3.5027275086709215
564000.0 10316.888610124588 12.06 3.399470547011696 13.06 3.399470547011696
565000.0 10339.596893072128 11.72 3.2002499902351382 12.72 3.2002499902351382
566000.0 10361.478070020676 11.64 3.7829089336118042 12.64 3.7829089336118042
567000.0 10379.838832378387 12.06 3.3788163607985555 13.06 3.3788163607985555
568000.0 10396.773847341537 11.75 3.2905166767545793 12.75 3.2905166767545793
569000.0 10414.116820573807 11.4 3.3970575502926055 12.4 3.3970575502926055
570000.0 10433.348361730576 12.12 3.365352878971238 13.12 3.365352878971238
571000.0 10455.548796653748 12.01 3.534105261590266 13.01 3.534105261590266
572000.0 10475.958241701126 11.95 3.4536212878658255 12.95 3.4536212878658255
573000.0 10498.845366954803 11.63 3.8539719770647007 12.63 3.8539719770647007
574000.0 10521.403758049011 12.0 3.4641016151377544 13.0 3.4641016151377544
575000.0 10541.396615743637 11.4 3.789459064299283 12.4 3.789459064299283
576000.0 10560.607591629028 12.0 3.7282703764614498 13.0 3.7282703764614498
577000.0 10580.444840192795 11.36 3.257360894957757 12.36 3.257360894957757
578000.0 10599.815952301025 12.58 3.200562450570212 13.58 3.200562450570212
579000.0 10619.869105815887 11.31 3.562849982808707 12.31 3.562849982808707
580000.0 10641.0234105587 11.52 3.6755407765388757 12.52 3.6755407765388757
581000.0 10660.867618083954 12.18 3.380473339637513 13.18 3.380473339637513
582000.0 10683.300722837448 11.39 3.2585119303142034 12.39 3.2585119303142034
583000.0 10703.32335281372 12.04 3.706534769835567 13.04 3.706534769835567
584000.0 10722.739184379578 11.75 3.747999466382032 12.75 3.747999466382032
585000.0 10743.872424125671 11.34 4.176649374797938 12.34 4.176649374797938
586000.0 10760.407432317734 10.99 3.9761664955079534 11.99 3.9761664955079534
587000.0 10776.706401348114 12.0 3.4263683398023628 13.0 3.4263683398023628
588000.0 10801.052324533463 12.03 3.4335258845682235 13.03 3.4335258845682235
589000.0 10820.998281955719 11.51 3.477053350180293 12.51 3.477053350180293
590000.0 10841.062268257141 11.7 3.7349698793966195 12.7 3.7349698793966195
591000.0 10862.208387851715 11.71 3.441787326375643 12.71 3.441787326375643
592000.0 10882.765065670013 12.09 3.5863491185326617 13.09 3.5863491185326617
593000.0 10903.630125284195 11.88 3.259693237100694 12.88 3.259693237100694
594000.0 10922.054900407791 11.58 3.3798816547328987 12.58 3.3798816547328987
595000.0 10942.58280134201 11.93 3.9427274823401124 12.93 3.9427274823401124
596000.0 10961.704144001007 12.46 3.683530914760999 13.46 3.683530914760999
597000.0 10983.255155324936 11.81 3.4776285022986566 12.81 3.4776285022986566
598000.0 11003.126031398773 11.71 3.496555447865799 12.71 3.496555447865799
599000.0 11020.0518014431 11.83 2.9935096458839077 12.83 2.9935096458839077
600000.0 11036.211036920547 12.16 3.4949105854084452 13.16 3.4949105854084452
601000.0 11060.775141000748 11.23 2.949084603737234 12.23 2.949084603737234
602000.0 11080.545932292938 11.85 3.612132334231402 12.85 3.612132334231402
603000.0 11101.40395283699 11.91 3.3943924345897316 12.91 3.3943924345897316
604000.0 11121.995969295502 10.9 3.748332962798263 11.9 3.748332962798263
605000.0 11142.487212181091 10.94 3.3906341589738047 11.94 3.3906341589738047
606000.0 11163.074925422668 11.57 3.1725541760543665 12.57 3.1725541760543665
607000.0 11185.95598578453 11.25 3.0931375656443088 12.25 3.0931375656443088
608000.0 11204.511807441711 11.33 3.6552838467073934 12.33 3.6552838467073934
609000.0 11226.594792366028 12.12 3.771683974036001 13.12 3.771683974036001
610000.0 11245.561832904816 12.44 3.7478527185576542 13.44 3.7478527185576542
611000.0 11265.257836580276 11.44 3.4302186519229356 12.44 3.4302186519229356
612000.0 11284.801022052765 12.13 3.3989851426565556 13.13 3.3989851426565556
613000.0 11303.372673511505 12.36 3.278780261011707 13.36 3.278780261011707
614000.0 11321.570224523544 11.32 3.7440085469987916 12.32 3.7440085469987916
615000.0 11339.008957386017 11.72 4.1667253329203255 12.72 4.1667253329203255
616000.0 11356.168579816818 11.9 3.6318039594669753 12.9 3.6318039594669753
617000.0 11374.15857744217 11.75 3.5954832776693593 12.75 3.5954832776693593
618000.0 11396.361597537994 10.98 3.426309968464616 11.98 3.426309968464616
619000.0 11426.318466186523 11.99 3.640041208557947 12.99 3.640041208557947
620000.0 11453.540501832962 12.39 3.6024852532661398 13.39 3.6024852532661398
621000.0 11477.782473564148 11.12 2.843518946657469 12.12 2.843518946657469
622000.0 11500.324082374573 11.87 3.2944043467674096 12.87 3.2944043467674096
623000.0 11524.03868818283 12.04 3.974720115932693 13.04 3.974720115932693
624000.0 11546.760661840439 11.57 3.584006138387601 12.57 3.584006138387601
625000.0 11569.075589895248 12.07 3.6173332719007245 13.07 3.6173332719007245
626000.0 11592.800384044647 11.92 3.604663645889863 12.92 3.604663645889863
627000.0 11620.656917333603 12.31 3.89793535092618 13.31 3.89793535092618
628000.0 11645.066321372986 12.64 3.8588081061384742 13.64 3.8588081061384742
629000.0 11664.326165914536 11.14 3.5609549281056614 12.14 3.5609549281056614
630000.0 11683.040212631226 11.56 3.4418599622878325 12.56 3.4418599622878325
631000.0 11701.086214780807 11.59 3.7150908468030766 12.59 3.7150908468030766
632000.0 11719.802168130875 12.0 3.9824615503479754 13.0 3.9824615503479754
633000.0 11739.548193454742 11.92 3.5599999999999996 12.92 3.5599999999999996
634000.0 11759.372146606445 11.48 3.511353015576759 12.48 3.511353015576759
635000.0 11779.198107719421 11.39 3.503983447449488 12.39 3.503983447449488
636000.0 11798.640197753906 11.4 3.63042697213427 12.4 3.63042697213427
637000.0 11818.178917884827 12.13 3.4165918690999666 13.13 3.4165918690999666
638000.0 11836.18504023552 11.37 3.659658454009062 12.37 3.659658454009062
639000.0 11854.572708845139 11.18 3.5647720824759617 12.18 3.5647720824759617
640000.0 11872.206979513168 11.79 3.800776236507485 12.79 3.800776236507485
641000.0 11892.194015979767 11.67 3.37358859376777 12.67 3.37358859376777
642000.0 11911.262147426605 11.62 3.854296304126085 12.62 3.854296304126085
643000.0 11931.238958835602 11.72 3.6389009329741304 12.72 3.6389009329741304
644000.0 11950.20584821701 12.4 3.3075670817082456 13.4 3.3075670817082456
645000.0 11967.72784781456 11.99 3.5170868627317122 12.99 3.5170868627317122
646000.0 11984.347821235657 11.97 4.107200993377363 12.97 4.107200993377363
647000.0 12001.350813627243 12.01 3.7026882126368674 13.01 3.7026882126368674
648000.0 12018.0598154068 11.89 3.307249612593522 12.89 3.307249612593522
649000.0 12034.724755764008 12.19 4.029131420045765 13.19 4.029131420045765
650000.0 12051.569769859314 11.49 3.915341619833447 12.49 3.915341619833447
651000.0 12068.035838603973 11.7 3.7828560638755477 12.7 3.7828560638755477
652000.0 12084.635654211044 11.94 3.7008647638085885 12.94 3.7008647638085885
653000.0 12101.60468697548 11.68 3.8545557461269127 12.68 3.8545557461269127
654000.0 12118.232557058334 11.49 3.548224908316833 12.49 3.548224908316833
655000.0 12134.910689592361 12.17 3.5356894660023523 13.17 3.5356894660023523
656000.0 12151.574592590332 12.34 3.894149457840569 13.34 3.894149457840569
657000.0 12167.99963927269 11.3 3.7669616403674726 12.3 3.7669616403674726
658000.0 12184.210628509521 12.29 3.8060346819229065 13.29 3.8060346819229065
659000.0 12203.830348014832 11.43 3.9274801081609567 12.43 3.9274801081609567
660000.0 12225.862580299377 10.32 4.404270654716851 11.32 4.404270654716851
661000.0 12248.37250828743 10.58 3.8083592267536948 11.58 3.8083592267536948
662000.0 12269.534735918045 10.78 4.065907032877166 11.78 4.065907032877166
663000.0 12291.136772155762 10.87 4.251246875917699 11.87 4.251246875917699
664000.0 12312.152500391006 11.36 4.302371439101929 12.36 4.302371439101929
665000.0 12332.995412349701 11.27 3.7969856465359464 12.27 3.7969856465359464
666000.0 12354.55336689949 10.52 3.6537104428238427 11.52 3.6537104428238427
667000.0 12375.203045845032 10.76 3.8938926538876237 11.76 3.8938926538876237
668000.0 12396.065747261047 10.76 3.723224409030431 11.76 3.723224409030431
669000.0 12416.588416576385 11.64 3.5539274049985887 12.64 3.5539274049985887
670000.0 12438.248289585114 11.6 3.2741411087489802 12.6 3.2741411087489802
671000.0 12459.294252634048 11.78 3.7698275822642073 12.78 3.7698275822642073
672000.0 12480.445225000381 11.82 3.1918019988714836 12.82 3.1918019988714836
673000.0 12501.847166538239 12.04 3.722687201471539 13.04 3.722687201471539
674000.0 12523.506165504456 11.69 3.8928010480886384 12.69 3.8928010480886384
675000.0 12544.88716340065 11.94 3.492334462791329 12.94 3.492334462791329
676000.0 12566.451105117798 11.53 3.6998783763794183 12.53 3.6998783763794183
677000.0 12587.50527715683 10.83 3.411905625892955 11.83 3.411905625892955
678000.0 12608.278057575226 12.03 3.848259346769654 13.03 3.848259346769654
679000.0 12629.92100930214 11.96 3.6274508956014833 12.96 3.6274508956014833
680000.0 12651.47006058693 11.43 3.718211935863797 12.43 3.718211935863797
681000.0 12672.563124418259 11.18 4.299720921176164 12.18 4.299720921176164
682000.0 12693.761979103088 11.14 3.8497272630668267 12.14 3.8497272630668267
683000.0 12714.411883354187 11.84 3.8018942647054246 12.84 3.8018942647054246
684000.0 12737.669921636581 11.27 3.673839952964745 12.27 3.673839952964745
685000.0 12758.594866514206 11.08 4.253657249943864 12.08 4.253657249943864
686000.0 12779.3608314991 11.31 3.8670272820346123 12.31 3.8670272820346123
687000.0 12797.964824438095 11.87 3.651451766078802 12.87 3.651451766078802
688000.0 12814.264855861664 11.58 4.226535224033984 12.58 4.226535224033984
689000.0 12830.409760713577 12.0 3.3466401061363023 13.0 3.3466401061363023
690000.0 12846.868759155273 11.73 3.725197981315892 12.73 3.725197981315892
691000.0 12863.053758621216 10.85 4.023369234857769 11.85 4.023369234857769
692000.0 12879.332740783691 11.18 3.4709652836062768 12.18 3.4709652836062768
693000.0 12895.209653139114 12.1 4.260281680828158 13.1 4.260281680828158
694000.0 12911.570748806 11.93 3.858121304469314 12.93 3.858121304469314
695000.0 12927.780646324158 11.76 3.6169600495443683 12.76 3.6169600495443683
696000.0 12944.036539077759 12.31 3.9030628998262373 13.31 3.9030628998262373
697000.0 12960.60875749588 11.55 3.266113898810022 12.55 3.266113898810022
698000.0 12977.272733688354 11.81 3.7515196920714673 12.81 3.7515196920714673
699000.0 12994.012801408768 12.29 3.628484532142861 13.29 3.628484532142861
700000.0 13011.037533044815 11.29 4.109245672869901 12.29 4.109245672869901
701000.0 13027.158579587936 12.1 3.2572994949804657 13.1 3.2572994949804657
702000.0 13044.157509803772 11.3 3.858756276314948 12.3 3.858756276314948
703000.0 13060.51151919365 10.56 3.7982101047730366 11.56 3.7982101047730366
704000.0 13076.380411148071 12.18 3.450739051275828 13.18 3.450739051275828
705000.0 13092.76542878151 11.53 4.3896583010526 12.53 4.3896583010526
706000.0 13109.23553442955 11.6 3.6386810797320503 12.6 3.6386810797320503
707000.0 13125.294409513474 11.99 3.774903972288567 12.99 3.774903972288567
708000.0 13141.468492269516 11.7 3.3090784215548594 12.7 3.3090784215548594
709000.0 13157.543444871902 11.11 4.774714651159794 12.11 4.774714651159794
710000.0 13173.462358474731 11.7 4.075536774462966 12.7 4.075536774462966
711000.0 13190.004303455353 11.5 4.196427051671457 12.5 4.196427051671457
712000.0 13205.959374427795 12.17 3.420687065488453 13.17 3.420687065488453
713000.0 13222.36840748787 11.87 4.083270747819694 12.87 4.083270747819694
714000.0 13238.827790498734 10.96 3.7945223678349826 11.96 3.7945223678349826
715000.0 13254.775439023972 11.66 3.606161394058785 12.66 3.606161394058785
716000.0 13271.19318318367 11.62 2.784887789480934 12.62 2.784887789480934
717000.0 13287.497120857239 11.66 3.9273909914853142 12.66 3.9273909914853142
718000.0 13303.744129180908 12.08 3.3065994616826515 13.08 3.3065994616826515
719000.0 13320.109121084213 11.9 3.7107950630558943 12.9 3.7107950630558943
720000.0 13336.629175186157 12.1 3.874274125562103 13.1 3.874274125562103
721000.0 13353.064148902893 12.24 3.5330440133120335 13.24 3.5330440133120335
722000.0 13369.786072731018 11.57 4.121298339115963 12.57 4.121298339115963
723000.0 13385.910083293915 12.1 4.217819341792628 13.1 4.217819341792628
724000.0 13402.341940879822 11.26 3.5710502656781524 12.26 3.5710502656781524
725000.0 13418.318104505539 11.17 4.207267521800818 12.17 4.207267521800818
726000.0 13434.433260202408 11.64 3.6647510147348346 12.64 3.6647510147348346
727000.0 13450.622066497803 12.01 4.208313201271977 13.01 4.208313201271977
728000.0 13466.87885594368 11.25 3.8193585848935423 12.25 3.8193585848935423
729000.0 13483.505023479462 11.86 3.9900375938078576 12.86 3.9900375938078576
730000.0 13500.444907426834 11.72 4.266333320311483 12.72 4.266333320311483
731000.0 13516.848796367645 11.56 3.9606060142357005 12.56 3.9606060142357005
732000.0 13533.143855571747 11.74 3.936038617696732 12.74 3.936038617696732
733000.0 13549.27080321312 12.05 3.5815499438092444 13.05 3.5815499438092444
734000.0 13565.499361038208 11.63 3.354564055134437 12.63 3.354564055134437
735000.0 13581.770914554596 11.77 3.5995971996877647 12.77 3.5995971996877647
736000.0 13598.19780755043 12.31 3.5544197838747187 13.31 3.5544197838747187
737000.0 13614.526806354523 11.89 3.2677056170958854 12.89 3.2677056170958854
738000.0 13630.669606924057 11.63 3.6129074164722237 12.63 3.6129074164722237
739000.0 13647.105724096298 11.57 3.092749585724651 12.57 3.092749585724651
740000.0 13663.445776224136 12.13 3.7273448995229836 13.13 3.7273448995229836
741000.0 13679.811791658401 11.85 3.9150351211706895 12.85 3.9150351211706895
742000.0 13695.947162628174 12.15 3.9632688528536644 13.15 3.9632688528536644
743000.0 13712.366659879684 11.11 2.8944602260179706 12.11 2.8944602260179706
744000.0 13729.449664354324 11.7 3.766961640367472 12.7 3.766961640367472
745000.0 13751.240647554398 11.62 3.643569678213935 12.62 3.643569678213935
746000.0 13774.248118400574 11.06 4.103218249130796 12.06 4.103218249130796
747000.0 13798.64409995079 11.3 4.528796749689701 12.3 4.528796749689701
748000.0 13815.692569971085 11.52 4.184447394818101 12.52 4.184447394818101
749000.0 13833.970576524734 10.78 3.819895286522917 11.78 3.819895286522917
750000.0 13852.775956869125 11.74 3.5485771796594756 12.74 3.5485771796594756
751000.0 13869.135491371155 11.15 3.811495769379785 12.15 3.811495769379785
752000.0 13887.702994585037 11.75 3.6996621467371855 12.75 3.6996621467371855
753000.0 13906.584454536438 11.45 3.424543765233553 12.45 3.424543765233553
754000.0 13926.073552846909 11.74 3.68678721924659 12.74 3.68678721924659
755000.0 13945.648356676102 11.57 3.5050106989850973 12.57 3.5050106989850973
756000.0 13964.027313709259 11.83 3.696092531309247 12.83 3.696092531309247
757000.0 13981.104243040085 12.41 3.301802538008595 13.41 3.301802538008595
758000.0 14001.440321207047 11.75 3.6397115270306792 12.75 3.6397115270306792
759000.0 14018.163272619247 11.07 3.8762223878410276 12.07 3.8762223878410276
760000.0 14034.72118806839 11.93 3.3623057564712937 12.93 3.3623057564712937
761000.0 14055.411275863647 11.67 3.231269100523817 12.67 3.231269100523817
762000.0 14075.212212085724 11.42 3.9425372541042654 12.42 3.9425372541042654
763000.0 14096.747305631638 12.48 3.4741329853648377 13.48 3.4741329853648377
764000.0 14120.019268035889 12.25 3.326785235027954 13.25 3.326785235027954
765000.0 14141.655269861221 11.94 3.566006169372117 12.94 3.566006169372117
766000.0 14160.359175682068 12.82 4.087493119260263 13.82 4.087493119260263
767000.0 14182.231183290482 12.16 3.727519282310958 13.16 3.727519282310958
768000.0 14200.734016656876 11.78 3.3573203600490675 12.78 3.3573203600490675
769000.0 14217.642152547836 11.65 3.332791622649097 12.65 3.332791622649097
770000.0 14241.93459200859 11.2 3.6959437225152656 12.2 3.6959437225152656
771000.0 14261.223927497864 12.18 2.8438706018382764 13.18 2.8438706018382764
772000.0 14283.624971628189 11.97 3.4480574241157878 12.97 3.4480574241157878
773000.0 14301.036946773529 11.44 3.21658203688325 12.44 3.21658203688325
774000.0 14317.16090965271 12.3 3.661966684720111 13.3 3.661966684720111
775000.0 14333.44184756279 11.2 4.1182520563948 12.2 4.1182520563948
776000.0 14349.240823030472 11.44 3.5392654605157836 12.44 3.5392654605157836
777000.0 14366.315792322159 11.67 3.3318313282637817 12.67 3.3318313282637817
778000.0 14382.7948346138 11.84 3.8722603218275498 12.84 3.8722603218275498
779000.0 14399.043884038925 11.63 3.9941331975786687 12.63 3.9941331975786687
780000.0 14415.07084608078 11.37 3.6267202814664383 12.37 3.6267202814664383
781000.0 14431.012765407562 11.32 3.880412349222696 12.32 3.880412349222696
782000.0 14447.00268793106 11.51 4.058312457167387 12.51 4.058312457167387
783000.0 14463.05963253975 11.43 3.734313859332126 12.43 3.734313859332126
784000.0 14479.115778207779 11.72 4.103851849177794 12.72 4.103851849177794
785000.0 14495.217534542084 12.01 3.433642380912724 13.01 3.433642380912724
786000.0 14511.406812429428 12.31 3.339745499285837 13.31 3.339745499285837
787000.0 14529.187317848206 12.0 3.627671429443411 13.0 3.627671429443411
788000.0 14548.409969091415 11.34 3.8657987531686127 12.34 3.8657987531686127
789000.0 14567.049571752548 11.72 3.9826624260662618 12.72 3.9826624260662618
790000.0 14583.354583501816 11.86 3.2404320699561038 12.86 3.2404320699561038
791000.0 14599.789698123932 11.43 3.6776487053550944 12.43 3.6776487053550944
792000.0 14621.778612613678 12.28 3.6580869317171785 13.28 3.6580869317171785
793000.0 14645.114507436752 12.09 3.8577065725635484 13.09 3.8577065725635484
794000.0 14665.106036663055 11.52 3.742940020892667 12.52 3.742940020892667
795000.0 14684.136629581451 12.05 3.795721275330948 13.05 3.795721275330948
796000.0 14709.5529255867 11.52 3.592993181179169 12.52 3.592993181179169
797000.0 14728.382389307022 11.93 3.7450100133377484 12.93 3.7450100133377484
798000.0 14747.405281543732 11.5 4.11703777004778 12.5 4.11703777004778
799000.0 14763.494689941406 11.77 3.7332425584202262 12.77 3.7332425584202262
800000.0 14781.312624931335 11.81 3.6488217276266046 12.81 3.6488217276266046
801000.0 14799.913320541382 11.45 3.925238846235984 12.45 3.925238846235984
802000.0 14818.52930355072 11.52 3.7215050718761624 12.52 3.7215050718761624
803000.0 14834.937275648117 12.09 3.5835596827735414 13.09 3.5835596827735414
804000.0 14852.000227689743 11.26 3.4917617329938193 12.26 3.4917617329938193
805000.0 14867.783268928528 12.32 3.778571158520109 13.32 3.778571158520109
806000.0 14884.165209293365 11.45 3.835035853808932 12.45 3.835035853808932
807000.0 14900.506228208542 12.03 3.876738319773467 13.03 3.876738319773467
808000.0 14916.682147741318 12.0 3.7735924528226414 13.0 3.7735924528226414
809000.0 14933.2521109581 10.94 4.009538626824787 11.94 4.009538626824787
810000.0 14949.65618109703 12.02 3.622098839071071 13.02 3.622098839071071
811000.0 14966.345054626465 10.99 3.963571621656407 11.99 3.963571621656407
812000.0 14982.143001317978 10.82 3.9959479476089275 11.82 3.9959479476089275
813000.0 14997.952692985535 10.72 4.543302763409016 11.72 4.543302763409016
814000.0 15013.496903419495 10.89 4.549494477411748 11.89 4.549494477411748
815000.0 15029.265495300293 10.42 4.416288034084733 11.42 4.416288034084733
816000.0 15044.891005516052 12.02 4.014922166119787 13.02 4.014922166119787
817000.0 15063.49197936058 11.64 3.892351474366106 12.64 3.892351474366106
818000.0 15085.254303455353 11.89 3.4114366475137716 12.89 3.4114366475137716
819000.0 15106.22789311409 11.18 3.7666430677726814 12.18 3.7666430677726814
820000.0 15122.569964170456 11.88 3.507933864826987 12.88 3.507933864826987
821000.0 15138.780894517899 12.23 3.646518887925853 13.23 3.646518887925853
822000.0 15155.52888417244 10.98 3.896100614717233 11.98 3.896100614717233
823000.0 15171.19592666626 11.0 4.532107677449864 12.0 4.532107677449864
824000.0 15187.017793655396 12.03 3.6890513685770228 13.03 3.6890513685770228
825000.0 15209.287191390991 11.58 3.4962265372827313 12.58 3.4962265372827313
826000.0 15230.296761512756 11.45 4.060480267160524 12.45 4.060480267160524
827000.0 15248.171777486801 11.72 4.081862320069113 12.72 4.081862320069113
828000.0 15268.895755052567 9.93 3.95032910021431 10.93 3.95032910021431
829000.0 15294.022787570953 11.39 3.7413767519457326 12.39 3.7413767519457326
830000.0 15315.05044221878 10.58 4.600391287705862 11.58 4.600391287705862
831000.0 15333.600752830505 10.87 3.621201458079901 11.87 3.621201458079901
832000.0 15359.00059747696 11.31 3.89793535092618 12.31 3.89793535092618
833000.0 15389.666612148285 11.33 3.731099033796878 12.33 3.731099033796878
834000.0 15411.58940243721 11.1 3.3301651610693423 12.1 3.3301651610693423
835000.0 15443.49608707428 12.08 3.5656135516906486 13.08 3.5656135516906486
836000.0 15465.613842725754 11.64 3.8613987103121064 12.64 3.8613987103121064
837000.0 15484.382336378098 11.7 3.7188707963574106 12.7 3.7188707963574106
838000.0 15505.034947156906 11.49 4.339343268283808 12.49 4.339343268283808
839000.0 15527.196404457092 11.7 4.179712908801274 12.7 4.179712908801274
840000.0 15549.784678220749 11.79 3.2719871637890026 12.79 3.2719871637890026
841000.0 15573.202559947968 11.36 4.167781184275394 12.36 4.167781184275394
842000.0 15593.31833600998 11.39 4.307888113681691 12.39 4.307888113681691
843000.0 15614.592139005661 11.24 3.671838776417069 12.24 3.671838776417069
844000.0 15634.884349107742 11.19 3.410850333861045 12.19 3.410850333861045
845000.0 15655.051930427551 12.27 4.149349346584353 13.27 4.149349346584353
846000.0 15675.356234312057 12.32 3.956968536645193 13.32 3.956968536645193
847000.0 15696.117297649384 11.93 3.473485281385255 12.93 3.473485281385255
848000.0 15714.910225391388 11.85 4.045676704829489 12.85 4.045676704829489
849000.0 15732.612161636353 11.88 3.878865813610984 12.88 3.878865813610984
850000.0 15750.492218971252 11.58 3.774069421725043 12.58 3.774069421725043
851000.0 15769.492734909058 12.59 3.4470131998586835 13.59 3.4470131998586835
852000.0 15791.846101284027 11.34 3.9654003580975274 12.34 3.9654003580975274
853000.0 15814.763090372086 12.42 3.6991350340316047 13.42 3.6991350340316047
854000.0 15834.106026411057 12.38 3.8491037917936164 13.38 3.8491037917936164
855000.0 15854.357692241669 11.13 3.5032984457508043 12.13 3.5032984457508043
856000.0 15876.446081399918 11.5 3.3600595232822883 12.5 3.3600595232822883
857000.0 15899.388011932373 11.49 4.0162046760592265 12.49 4.0162046760592265
858000.0 15920.11916565895 11.11 3.857188094972813 12.11 3.857188094972813
859000.0 15938.758253097534 11.66 3.5248262368519674 12.66 3.5248262368519674
860000.0 15960.874911546707 12.28 3.755209714516621 13.28 3.755209714516621
861000.0 15981.862972736359 12.27 4.10817477719729 13.27 4.10817477719729
862000.0 16002.485936641693 12.18 3.814131618075076 13.18 3.814131618075076
863000.0 16022.056975364685 11.4 3.88329756778952 12.4 3.88329756778952
864000.0 16042.542515516281 11.55 3.9733487136167644 12.55 3.9733487136167644
865000.0 16062.46577835083 12.0 3.5860842154082215 13.0 3.5860842154082215
866000.0 16082.69057559967 11.79 3.7770226369456674 12.79 3.7770226369456674
867000.0 16102.4144821167 11.36 3.993795187537789 12.36 3.993795187537789
868000.0 16123.824843883514 11.53 3.4567470257454476 12.53 3.4567470257454476
869000.0 16149.454422473907 11.94 3.854400083022 12.94 3.854400083022
870000.0 16176.118096351624 11.41 3.98270008913551 12.41 3.98270008913551
871000.0 16203.418163776398 11.27 4.095985839819274 12.27 4.095985839819274
872000.0 16229.812517881393 10.99 4.033596410153104 11.99 4.033596410153104
873000.0 16255.014510631561 11.17 3.9422201866460984 12.17 3.9422201866460984
874000.0 16283.291316747665 12.24 3.4150256221586393 13.24 3.4150256221586393
875000.0 16317.397873163223 11.75 3.868785339095463 12.75 3.868785339095463
876000.0 16348.451909065247 11.58 4.067382450667751 12.58 4.067382450667751
877000.0 16380.54162311554 11.49 3.5227687974092197 12.49 3.5227687974092197
878000.0 16413.23525094986 12.05 3.5252659474144643 13.05 3.5252659474144643
879000.0 16441.631642580032 11.49 4.006232644268178 12.49 4.006232644268178
880000.0 16472.672639369965 11.39 3.9595328007228328 12.39 3.9595328007228328
881000.0 16501.614466190338 11.77 3.5237905726646126 12.77 3.5237905726646126
882000.0 16533.24033021927 10.97 4.058213892835123 11.97 4.058213892835123
883000.0 16557.849650621414 11.44 3.4794252398923593 12.44 3.4794252398923593
884000.0 16585.068783044815 11.26 3.8460889225289634 12.26 3.8460889225289634
885000.0 16617.05784034729 11.21 3.4446915681959105 12.21 3.4446915681959105
886000.0 16643.173290491104 11.39 4.127699116941543 12.39 4.127699116941543
887000.0 16668.271006822586 12.08 3.45160832076874 13.08 3.45160832076874
888000.0 16693.896074533463 12.22 3.877060742366567 13.22 3.877060742366567
889000.0 16722.78444504738 11.67 3.9472902097514946 12.67 3.9472902097514946
890000.0 16752.259958028793 11.5 2.9949958263743874 12.5 2.9949958263743874
891000.0 16779.023670196533 11.57 3.8529339470071378 12.57 3.8529339470071378
892000.0 16807.503738880157 11.76 3.942385064906775 12.76 3.942385064906775
893000.0 16834.949813127518 11.31 3.936229159995642 12.31 3.936229159995642
894000.0 16855.125794649124 11.85 3.530934720438768 12.85 3.530934720438768
895000.0 16874.74218392372 11.55 3.3537292675468002 12.55 3.3537292675468002
896000.0 16895.31147170067 11.65 4.126439142893058 12.65 4.126439142893058
897000.0 16914.561616182327 12.07 3.7047402068161275 13.07 3.7047402068161275
898000.0 16937.131665706635 11.69 3.8850868716156146 12.69 3.8850868716156146
899000.0 16955.60982656479 12.04 4.19980951949014 13.04 4.19980951949014
900000.0 16974.50947189331 11.73 3.399573502661768 12.73 3.399573502661768
901000.0 16993.391566991806 12.46 4.181913437650282 13.46 4.181913437650282
902000.0 17014.12962245941 12.4 3.64417343165772 13.4 3.64417343165772
903000.0 17035.398325681686 11.84 4.039108812597155 12.84 4.039108812597155
904000.0 17059.007637500763 12.07 3.691219310742725 13.07 3.691219310742725
905000.0 17087.033895254135 10.76 4.45896849058165 11.76 4.45896849058165
906000.0 17109.470556259155 10.84 3.6789128829044047 11.84 3.6789128829044047
907000.0 17131.361419439316 11.37 3.7112127397927486 12.37 3.7112127397927486
908000.0 17150.669417381287 10.76 3.614194239384486 11.76 3.614194239384486
909000.0 17169.735381364822 11.67 3.666210577694631 12.67 3.666210577694631
910000.0 17188.63136768341 11.42 4.1065313830531 12.42 4.1065313830531
911000.0 17207.07349061966 11.61 3.6821053760043316 12.61 3.6821053760043316
912000.0 17224.886573553085 11.3 4.2130748865881795 12.3 4.2130748865881795
913000.0 17243.317399978638 11.07 3.4849820659509856 12.07 3.4849820659509856
914000.0 17263.082272052765 10.72 4.872535274372059 11.72 4.872535274372059
915000.0 17282.351539850235 10.76 4.440990880422971 11.76 4.440990880422971
916000.0 17300.34529733658 11.42 4.264223258695538 12.42 4.264223258695538
917000.0 17318.174271583557 11.13 4.262991907099989 12.13 4.262991907099989
918000.0 17336.161175251007 11.17 3.4323607036557213 12.17 3.4323607036557213
919000.0 17355.226529598236 11.11 4.197368223065497 12.11 4.197368223065497
920000.0 17374.897135019302 11.3 4.279018579066934 12.3 4.279018579066934
921000.0 17394.724336862564 10.96 3.770729372415899 11.96 3.770729372415899
922000.0 17413.77610850334 10.93 4.219608986624235 11.93 4.219608986624235
923000.0 17432.795049905777 11.39 3.434807127045127 12.39 3.434807127045127
924000.0 17452.35233592987 11.0 4.132795663954365 12.0 4.132795663954365
925000.0 17472.39613509178 11.32 3.789142383178547 12.32 3.789142383178547
926000.0 17491.86139035225 11.77 3.483834094786949 12.77 3.483834094786949
927000.0 17512.035004854202 11.33 3.4584823261077977 12.33 3.4584823261077977
928000.0 17530.840976953506 11.55 4.355169342287393 12.55 4.355169342287393
929000.0 17549.55396580696 10.68 3.50108554594143 11.68 3.50108554594143
930000.0 17568.301979780197 11.66 4.3039981412635395 12.66 4.3039981412635395
931000.0 17588.790031433105 10.78 4.2156375555780405 11.78 4.2156375555780405
932000.0 17616.10126018524 11.68 3.91632480777578 12.68 3.91632480777578
933000.0 17635.988427877426 10.17 4.384187495990562 11.17 4.384187495990562
934000.0 17656.021287679672 11.31 3.8149574047425485 12.31 3.8149574047425485
935000.0 17677.71504998207 11.42 4.157354928316802 12.42 4.157354928316802
936000.0 17698.03804254532 11.46 3.581675585532559 12.46 3.581675585532559
937000.0 17718.018699407578 11.58 4.310869981801817 12.58 4.310869981801817
938000.0 17738.301996707916 11.75 3.7319565913874184 12.75 3.7319565913874184
939000.0 17759.161436080933 12.05 3.204293994002423 13.05 3.204293994002423
940000.0 17778.95763683319 11.91 3.2683176100250724 12.91 3.2683176100250724
941000.0 17798.453488111496 11.52 3.920408142017869 12.52 3.920408142017869
942000.0 17817.459618091583 10.93 4.548087510151932 11.93 4.548087510151932
943000.0 17835.848541736603 10.94 4.0195024567724795 11.94 4.0195024567724795
944000.0 17855.606532096863 11.42 3.8162285046888895 12.42 3.8162285046888895
945000.0 17874.589488506317 11.66 4.259624396587098 12.66 4.259624396587098
946000.0 17894.226695775986 10.75 4.14336819507994 11.75 4.14336819507994
947000.0 17912.564677000046 11.7 4.155718951036031 12.7 4.155718951036031
948000.0 17931.270894527435 11.9 4.441846462902562 12.9 4.441846462902562
949000.0 17951.2243411541 11.22 4.15109624075376 12.22 4.15109624075376
950000.0 17971.599430561066 11.53 3.5283282160252605 12.53 3.5283282160252605
951000.0 17990.10306286812 11.18 4.085045899374939 12.18 4.085045899374939
952000.0 18009.875961780548 11.61 3.455126625754836 12.61 3.455126625754836
953000.0 18029.647302389145 11.72 3.7258019271024057 12.72 3.7258019271024057
954000.0 18049.62689113617 11.22 3.745877734256686 12.22 3.745877734256686
955000.0 18070.34632873535 11.12 3.81649053450942 12.12 3.81649053450942
956000.0 18091.02330517769 11.0 4.374928570845472 12.0 4.374928570845472
957000.0 18110.50170969963 10.67 4.342936794382346 11.67 4.342936794382346
958000.0 18130.50418114662 11.45 3.7957212753309486 12.45 3.7957212753309486
959000.0 18150.22328209877 9.98 4.202332685545017 10.98 4.202332685545017
960000.0 18168.67114329338 10.45 4.020882987603594 11.45 4.020882987603594
961000.0 18186.836145401 10.69 4.071105500966538 11.69 4.071105500966538
962000.0 18204.674169778824 11.8 3.3763886032268267 12.8 3.3763886032268267
963000.0 18224.65937280655 10.45 3.8713692668098707 11.45 3.8713692668098707
964000.0 18241.885064840317 11.59 4.169160586976711 12.59 4.169160586976711
965000.0 18261.145999908447 10.98 4.071805496336975 11.98 4.071805496336975
966000.0 18281.14221382141 11.24 4.714064064053437 12.24 4.714064064053437
967000.0 18299.368939638138 10.61 4.19260062491051 11.61 4.19260062491051
968000.0 18316.44400382042 11.12 4.308781730373448 12.12 4.308781730373448
969000.0 18333.67099380493 10.74 4.362613895361358 11.74 4.362613895361358
970000.0 18351.42893052101 10.85 4.4841387132870905 11.85 4.4841387132870905
971000.0 18369.396899938583 11.48 4.099951219222004 12.48 4.099951219222004
972000.0 18388.661247015 10.31 5.023335545232868 11.31 5.023335545232868
973000.0 18408.005786418915 10.48 5.044759657307769 11.48 5.044759657307769
974000.0 18426.59981918335 11.08 4.041484875636677 12.08 4.041484875636677
975000.0 18445.58101129532 11.23 3.781150618528704 12.23 3.781150618528704
976000.0 18464.57928276062 10.84 4.288869314866099 11.84 4.288869314866099
977000.0 18483.071892261505 11.29 4.065206021839484 12.29 4.065206021839484
978000.0 18502.12218952179 11.94 3.9870289690444936 12.94 3.9870289690444936
979000.0 18526.276042222977 11.71 3.930127224403811 12.71 3.930127224403811
980000.0 18545.52118206024 11.28 3.85507457774814 12.28 3.85507457774814
981000.0 18564.813711166382 11.3 4.29767378938886 12.3 4.29767378938886
982000.0 18582.988661289215 11.98 3.5326477322257874 12.98 3.5326477322257874
983000.0 18602.217564582825 11.42 4.273593335824081 12.42 4.273593335824081
984000.0 18621.30598306656 11.52 3.8948170688749943 12.52 3.8948170688749943
985000.0 18640.309633255005 11.87 4.051308430618434 12.87 4.051308430618434
986000.0 18661.65217614174 11.55 4.373499742768941 12.55 4.373499742768941
987000.0 18683.797499895096 11.06 4.044304637388237 12.06 4.044304637388237
988000.0 18703.99125957489 10.48 3.843123729467996 11.48 3.843123729467996
989000.0 18723.062647104263 11.07 4.084739893799849 12.07 4.084739893799849
990000.0 18741.61443758011 12.01 3.971133339488867 13.01 3.971133339488867
991000.0 18760.51146888733 10.71 4.217333280640742 11.71 4.217333280640742
992000.0 18779.669418811798 10.91 4.319942129242011 11.91 4.319942129242011
993000.0 18798.464485645294 11.36 3.8223552948411275 12.36 3.8223552948411275
994000.0 18818.68705677986 11.54 4.788360888654905 12.54 4.788360888654905
995000.0 18838.30632352829 11.51 3.902550448104419 12.51 3.902550448104419
996000.0 18854.826335191727 12.04 4.397544769527651 13.04 4.397544769527651
997000.0 18873.799255132675 11.15 3.5365944070532036 12.15 3.5365944070532036
998000.0 18900.19908595085 10.99 4.46653109246986 11.99 4.46653109246986
999000.0 18919.89747238159 10.84 3.791358595543292 11.84 3.791358595543292
