1000.0 13.134809494018555 -0.9 0.30000000000000004 0.1 0.30000000000000004
2000.0 29.481889486312866 -1.0 0.0 0.0 0.0
3000.0 49.25584316253662 -1.0 0.0 0.0 0.0
4000.0 72.0738513469696 -0.8 0.4 0.2 0.4000000000000001
5000.0 94.28185844421387 -0.9 0.30000000000000004 0.1 0.30000000000000004
6000.0 119.43013024330139 -0.8 0.4 0.2 0.4000000000000001
7000.0 144.5025532245636 -0.9 0.30000000000000004 0.1 0.30000000000000004
8000.0 174.14396333694458 -0.7 0.45825756949558394 0.3 0.45825756949558394
9000.0 206.33095121383667 -0.6 0.66332495807108 0.4 0.66332495807108
10000.0 242.54192996025085 -0.8 0.4 0.2 0.4000000000000001
11000.0 276.7274332046509 -0.6 0.48989794855663565 0.4 0.48989794855663565
12000.0 310.64071679115295 -0.5 0.6708203932499369 0.5 0.6708203932499369
13000.0 345.22861981391907 -0.6 0.66332495807108 0.4 0.66332495807108
14000.0 376.9852294921875 -0.8 0.4 0.2 0.4000000000000001
15000.0 408.6011805534363 -0.2 1.1661903789690602 0.8 1.1661903789690602
16000.0 441.70875549316406 -0.6 0.48989794855663565 0.4 0.48989794855663565
17000.0 476.8496901988983 -0.3 0.9000000000000001 0.7 0.9000000000000001
18000.0 514.5081870555878 -0.4 0.66332495807108 0.6 0.66332495807108
19000.0 548.2459840774536 -0.3 0.6403124237432849 0.7 0.6403124237432849
20000.0 583.3670048713684 0.1 1.7578395831246947 1.1 1.7578395831246947
21000.0 619.9241051673889 -0.8 0.4 0.2 0.4000000000000001
22000.0 657.7142589092255 -0.7 0.45825756949558394 0.3 0.45825756949558394
23000.0 694.609126329422 -0.3 0.6403124237432849 0.7 0.6403124237432849
24000.0 732.6592195034027 -0.2 0.8717797887081348 0.8 0.8717797887081348
25000.0 766.6538183689117 -0.5 0.6708203932499369 0.5 0.6708203932499369
26000.0 801.311943769455 -0.5 0.6708203932499369 0.5 0.6708203932499369
27000.0 834.3847050666809 -0.5 0.806225774829855 0.5 0.806225774829855
28000.0 867.9795939922333 -0.5 0.6708203932499369 0.5 0.6708203932499369
29000.0 901.6645758152008 -0.8 0.6000000000000001 0.2 0.6000000000000001
30000.0 936.1365072727203 0.2 0.6000000000000001 1.2 0.6000000000000001
31000.0 980.7533750534058 0.2 0.9797958971132712 1.2 0.9797958971132712
32000.0 1021.70507979393 0.1 0.8306623862918074 1.1 0.8306623862918074
33000.0 1062.0176796913147 0.7 1.268857754044952 1.7 1.268857754044952
34000.0 1098.1794574260712 -0.1 1.044030650891055 0.9 1.044030650891055
35000.0 1136.9107761383057 -0.3 0.9000000000000001 0.7 0.9000000000000001
36000.0 1171.827483177185 0.2 1.2489995996796797 1.2 1.2489995996796797
37000.0 1210.5565738677979 -0.8 0.4 0.2 0.4000000000000001
38000.0 1250.6359884738922 -0.1 0.9433981132056605 0.9 0.9433981132056605
39000.0 1289.840603351593 -0.3 0.6403124237432849 0.7 0.6403124237432849
40000.0 1329.8664288520813 -0.3 0.7810249675906655 0.7 0.7810249675906655
41000.0 1367.3878557682037 0.3 0.9 1.3 0.9
42000.0 1405.6990773677826 -0.4 1.0198039027185568 0.6 1.0198039027185568
43000.0 1439.9523334503174 -0.3 1.004987562112089 0.7 1.004987562112089
44000.0 1476.3351082801819 -0.1 1.044030650891055 0.9 1.044030650891055
45000.0 1512.7781710624695 0.5 0.9219544457292888 1.5 0.9219544457292888
46000.0 1552.1296401023865 0.5 1.284523257866513 1.5 1.284523257866513
47000.0 1589.9670460224152 0.9 1.1357816691600546 1.9 1.1357816691600546
48000.0 1629.9681942462921 0.5 1.2041594578792296 1.5 1.2041594578792296
49000.0 1668.0334916114807 1.0 1.5491933384829668 2.0 1.5491933384829668
50000.0 1702.5288999080658 0.2 1.32664991614216 1.2 1.32664991614216
51000.0 1736.4088747501373 0.0 0.8944271909999159 1.0 0.8944271909999159
52000.0 1772.32399392128 -0.2 1.2489995996796797 0.8 1.2489995996796797
53000.0 1809.5227551460266 -0.2 0.9797958971132712 0.8 0.9797958971132712
54000.0 1845.292732477188 -0.3 0.7810249675906655 0.7 0.7810249675906655
55000.0 1881.801560640335 0.1 1.1357816691600546 1.1 1.1357816691600546
56000.0 1918.2763080596924 0.1 1.374772708486752 1.1 1.374772708486752
57000.0 1953.3001301288605 0.6 1.9595917942265426 1.6 1.9595917942265426
58000.0 1988.2491347789764 -0.1 0.7000000000000001 0.9 0.7000000000000001
59000.0 2022.7741100788116 -0.1 0.8306623862918076 0.9 0.8306623862918076
60000.0 2058.371298313141 1.0 1.7888543819998317 2.0 1.7888543819998317
61000.0 2094.2552165985107 0.2 1.5999999999999999 1.2 1.5999999999999999
62000.0 2129.8372309207916 0.4 0.9165151389911681 1.4 0.9165151389911681
63000.0 2167.9052872657776 0.6 1.2806248474865698 1.6 1.2806248474865698
64000.0 2203.7522053718567 0.3 1.3453624047073711 1.3 1.3453624047073711
65000.0 2239.801784515381 0.4 0.9165151389911679 1.4 0.9165151389911679
66000.0 2276.7428572177887 0.6 1.3564659966250536 1.6 1.3564659966250536
67000.0 2313.2466835975647 1.0 1.1832159566199232 2.0 1.1832159566199232
68000.0 2349.1718006134033 -0.2 0.9797958971132713 0.8 0.9797958971132713
69000.0 2385.262156009674 0.4 1.4966629547095767 1.4 1.4966629547095767
70000.0 2421.9089498519897 1.0 2.23606797749979 2.0 2.23606797749979
71000.0 2458.8151042461395 -0.1 0.9433981132056604 0.9 0.9433981132056604
72000.0 2494.494952440262 0.1 0.9433981132056605 1.1 0.9433981132056604
73000.0 2529.847048521042 0.9 1.1357816691600549 1.9 1.1357816691600546
74000.0 2564.834537744522 -0.1 1.3 0.9 1.3
75000.0 2600.757485628128 0.0 0.8944271909999159 1.0 0.8944271909999159
76000.0 2641.6354327201843 0.1 1.1357816691600549 1.1 1.1357816691600549
77000.0 2681.5744347572327 0.5 1.9621416870348585 1.5 1.9621416870348585
78000.0 2716.782335996628 0.1 0.5385164807134505 1.1 0.5385164807134504
79000.0 2758.014277458191 0.0 1.0 1.0 1.0
80000.0 2799.156877756119 0.4 1.1135528725660044 1.4 1.1135528725660044
81000.0 2836.968880176544 1.5 1.6278820596099706 2.5 1.6278820596099706
82000.0 2879.5941240787506 0.0 1.3416407864998738 1.0 1.3416407864998738
83000.0 2919.6600880622864 0.1 1.374772708486752 1.1 1.374772708486752
84000.0 2956.9051027297974 0.4 1.624807680927192 1.4 1.624807680927192
85000.0 3000.027004003525 1.0 1.7888543819998317 2.0 1.7888543819998317
86000.0 3043.042932510376 0.3 1.6763054614240211 1.3 1.6763054614240211
87000.0 3082.8905749320984 0.9 1.8681541692269403 1.9 1.8681541692269403
88000.0 3123.951688528061 1.0 1.0 2.0 1.0
89000.0 3162.1187992095947 1.2 1.7204650534085253 2.2 1.7204650534085253
90000.0 3202.67578458786 -0.2 0.9797958971132713 0.8 0.9797958971132713
91000.0 3243.6189279556274 0.8 1.469693845669907 1.8 1.469693845669907
92000.0 3281.9416279792786 1.1 1.445683229480096 2.1 1.445683229480096
93000.0 3320.9336228370667 2.2 2.891366458960192 3.2 2.891366458960192
94000.0 3361.0365736484528 0.5 1.746424919657298 1.5 1.746424919657298
95000.0 3400.302668571472 1.0 2.04939015319192 2.0 2.04939015319192
96000.0 3439.7874336242676 1.4 1.6852299546352718 2.4 1.6852299546352718
97000.0 3479.281358718872 0.7 1.7349351572897471 1.7 1.7349351572897471
98000.0 3519.6843349933624 1.2 1.7776388834631178 2.2 1.7776388834631178
99000.0 3563.7301824092865 0.9 1.445683229480096 1.9 1.445683229480096
100000.0 3604.4983851909637 1.0 1.61245154965971 2.0 1.61245154965971
101000.0 3643.62180018425 1.3 1.6155494421403513 2.3 1.6155494421403513
102000.0 3681.3925790786743 0.5 1.3601470508735443 1.5 1.3601470508735443
103000.0 3717.100172519684 2.3 1.8466185312619388 3.3 1.8466185312619388
104000.0 3752.892490386963 0.8 1.661324772583615 1.8 1.661324772583615
105000.0 3788.8156270980835 0.6 1.42828568570857 1.6 1.42828568570857
106000.0 3826.003018140793 0.9 1.8681541692269403 1.9 1.8681541692269403
107000.0 3861.9770033359528 1.0 1.0954451150103321 2.0 1.0954451150103321
108000.0 3898.299520254135 1.6 2.0591260281974 2.6 2.0591260281974
109000.0 3934.0388514995575 0.4 1.2 1.4 1.2
110000.0 3971.5614573955536 1.5 1.5 2.5 1.5
111000.0 4007.815229654312 1.4 1.8 2.4 1.8
112000.0 4043.9386875629425 1.4 1.7435595774162693 2.4 1.7435595774162693
113000.0 4079.140639066696 1.4 1.624807680927192 2.4 1.624807680927192
114000.0 4115.613640785217 0.6 1.2806248474865698 1.6 1.2806248474865698
115000.0 4151.508594751358 1.5 1.5 2.5 1.5
116000.0 4188.320534229279 0.8 1.4000000000000001 1.8 1.4000000000000001
117000.0 4224.5969343185425 1.7 1.9519221295943134 2.7 1.9519221295943134
118000.0 4261.7674396038055 1.6 2.4979991993593593 2.6 2.4979991993593593
119000.0 4298.6433391571045 0.5 1.284523257866513 1.5 1.284523257866513
120000.0 4338.08438205719 1.4 2.1540659228538015 2.4 2.1540659228538015
121000.0 4375.414498090744 1.7 1.1874342087037917 2.7 1.1874342087037917
122000.0 4413.843035936356 0.1 0.9433981132056605 1.1 0.9433981132056605
123000.0 4453.352316856384 0.1 0.9433981132056604 1.1 0.9433981132056604
124000.0 4489.628292798996 0.6 1.3564659966250536 1.6 1.3564659966250536
125000.0 4524.52383351326 1.1 1.6401219466856727 2.1 1.6401219466856727
126000.0 4559.596090078354 0.7 1.4177446878757822 1.7 1.4177446878757822
127000.0 4595.642994880676 1.0 1.4142135623730951 2.0 1.4142135623730951
128000.0 4631.747979402542 1.9 1.9723082923316022 2.9 1.9723082923316022
129000.0 4666.7047963142395 0.0 1.0954451150103321 1.0 1.0954451150103321
130000.0 4701.227877378464 1.2 1.4000000000000001 2.2 1.4000000000000001
131000.0 4739.48016667366 0.7 1.676305461424021 1.7 1.676305461424021
132000.0 4776.350885391235 1.8 1.9899748742132397 2.8 1.9899748742132397
133000.0 4813.148920059204 1.1 1.7578395831246945 2.1 1.7578395831246945
134000.0 4850.140721797943 1.3 2.4919871588754225 2.3 2.4919871588754225
135000.0 4889.064900636673 2.1 1.7578395831246947 3.1 1.7578395831246947
136000.0 4926.194114685059 1.6 1.7435595774162693 2.6 1.7435595774162693
137000.0 4961.421534538269 1.2 1.8330302779823362 2.2 1.8330302779823362
138000.0 4995.933733463287 1.8 1.8867962264113207 2.8 1.8867962264113207
139000.0 5032.786427974701 0.3 1.7349351572897473 1.3 1.7349351572897473
140000.0 5067.545447587967 1.5 2.1563858652847827 2.5 2.1563858652847827
141000.0 5103.140519857407 0.4 1.2806248474865698 1.4 1.2806248474865698
142000.0 5138.439526557922 1.8 2.481934729198171 2.8 2.481934729198171
143000.0 5175.179206371307 0.6 0.9165151389911681 1.6 0.9165151389911681
144000.0 5211.331813097 1.8 1.8867962264113207 2.8 1.8867962264113207
145000.0 5250.566207408905 0.4 1.1135528725660044 1.4 1.1135528725660044
146000.0 5290.039160013199 0.8 1.6 1.8 1.6
147000.0 5328.415172576904 1.3 1.846618531261939 2.3 1.846618531261939
148000.0 5367.229530572891 1.3 2.238302928559939 2.3 2.238302928559939
149000.0 5406.534959077835 0.4 0.9165151389911679 1.4 0.9165151389911679
150000.0 5443.747980356216 1.2 1.5362291495737217 2.2 1.5362291495737217
151000.0 5479.492934465408 1.3 1.5524174696260025 2.3 1.552417469626002
152000.0 5516.512180805206 0.3 1.1 1.3 1.1
153000.0 5551.64785695076 1.4 2.537715508089904 2.4 2.537715508089904
154000.0 5587.32387137413 0.3 1.268857754044952 1.3 1.268857754044952
155000.0 5625.089747667313 0.7 1.7916472867168916 1.7 1.7916472867168916
156000.0 5659.356699705124 0.9 1.374772708486752 1.9 1.374772708486752
157000.0 5693.730571508408 1.2 2.4 2.2 2.4
158000.0 5729.687712669373 0.7 1.268857754044952 1.7 1.268857754044952
159000.0 5767.8532593250275 0.5 1.746424919657298 1.5 1.746424919657298
160000.0 5810.924501180649 1.7 2.147091055358389 2.7 2.147091055358389
161000.0 5848.563456535339 1.5 1.6881943016134133 2.5 1.6881943016134133
162000.0 5886.766088008881 1.3 1.7916472867168918 2.3 1.7916472867168916
163000.0 5923.680349588394 0.7 1.1874342087037917 1.7 1.1874342087037917
164000.0 5963.1470329761505 1.6 1.624807680927192 2.6 1.624807680927192
165000.0 6003.565977096558 1.2 2.039607805437114 2.2 2.0396078054371136
166000.0 6043.208441019058 0.5 0.6708203932499369 1.5 0.6708203932499369
167000.0 6081.612694263458 0.5 1.4317821063276353 1.5 1.4317821063276353
168000.0 6120.021205425262 1.6 1.9595917942265426 2.6 1.9595917942265426
169000.0 6156.677716732025 1.7 1.3453624047073711 2.7 1.3453624047073711
170000.0 6197.830932378769 0.1 0.8306623862918076 1.1 0.8306623862918074
171000.0 6233.186953544617 1.4 2.5377155080899043 2.4 2.5377155080899043
172000.0 6270.212952136993 1.5 1.5 2.5 1.5
173000.0 6308.542743682861 0.5 1.02469507659596 1.5 1.02469507659596
174000.0 6348.785753488541 1.6 1.5620499351813308 2.6 1.5620499351813308
175000.0 6387.046413183212 0.8 1.661324772583615 1.8 1.661324772583615
176000.0 6425.924667596817 0.5 0.6708203932499369 1.5 0.6708203932499369
177000.0 6463.51468205452 2.3 2.147091055358389 3.3 2.147091055358389
178000.0 6500.43296456337 1.1 1.445683229480096 2.1 1.445683229480096
179000.0 6537.712175607681 0.3 1.676305461424021 1.3 1.676305461424021
180000.0 6574.099584341049 1.0 1.7888543819998317 2.0 1.7888543819998317
181000.0 6610.851537227631 1.1 1.6401219466856727 2.1 1.6401219466856727
182000.0 6648.052469968796 1.7 1.846618531261939 2.7 1.846618531261939
183000.0 6690.919776439667 2.0 1.8439088914585775 3.0 1.8439088914585775
184000.0 6731.740360736847 0.5 1.2041594578792296 1.5 1.2041594578792296
185000.0 6770.891968011856 1.9 2.3853720883753127 2.9 2.3853720883753127
186000.0 6809.174645185471 1.4 2.009975124224178 2.4 2.009975124224178
187000.0 6844.8219339847565 0.5 1.4317821063276353 1.5 1.4317821063276353
188000.0 6881.757442474365 1.3 1.6155494421403511 2.3 1.6155494421403513
189000.0 6919.490907907486 2.7 1.9000000000000001 3.7 1.9000000000000001
190000.0 6956.546072483063 2.1 1.57797338380595 3.1 1.57797338380595
191000.0 6992.94634604454 0.6 1.1135528725660044 1.6 1.1135528725660044
192000.0 7028.733092546463 1.8 1.7776388834631178 2.8 1.7776388834631178
193000.0 7065.809941768646 1.0 1.4142135623730951 2.0 1.4142135623730951
194000.0 7102.32864356041 1.5 1.746424919657298 2.5 1.746424919657298
195000.0 7139.131972074509 1.2 2.039607805437114 2.2 2.039607805437114
196000.0 7177.132865667343 0.7 1.1874342087037917 1.7 1.1874342087037917
197000.0 7216.187885761261 1.1 2.118962010041709 2.1 2.118962010041709
198000.0 7253.676696777344 1.3 2.0518284528683193 2.3 2.0518284528683193
199000.0 7292.014664173126 2.1 3.2388269481403293 3.1 3.2388269481403293
200000.0 7328.688601493835 0.8 2.08806130178211 1.8 2.08806130178211
201000.0 7366.019577026367 1.1 1.5779733838059498 2.1 1.5779733838059498
202000.0 7403.426922798157 1.5 1.746424919657298 2.5 1.746424919657298
203000.0 7442.389482021332 1.8 2.4 2.8 2.4
204000.0 7480.002418518066 0.3 1.4866068747318506 1.3 1.4866068747318506
205000.0 7516.880610704422 1.9 1.5132745950421556 2.9 1.5132745950421556
206000.0 7553.925366401672 1.8 2.2271057451320084 2.8 2.2271057451320084
207000.0 7590.903590917587 0.0 1.0 1.0 1.0
208000.0 7626.943455457687 0.7 1.268857754044952 1.7 1.268857754044952
209000.0 7665.969684839249 2.3 2.0024984394500787 3.3 2.0024984394500787
210000.0 7701.752165555954 1.3 1.4866068747318506 2.3 1.4866068747318506
211000.0 7743.696168661118 0.4 0.4898979485566356 1.4 0.48989794855663565
212000.0 7780.72998380661 1.5 2.247220505424423 2.5 2.247220505424423
213000.0 7816.446776390076 1.2 2.0396078054371136 2.2 2.0396078054371136
214000.0 7855.489014625549 0.4 0.9165151389911681 1.4 0.9165151389911681
215000.0 7892.495904684067 1.2 1.6 2.2 1.6
216000.0 7928.329407930374 0.5 1.5 1.5 1.5
217000.0 7964.5108461380005 0.1 1.2206555615733703 1.1 1.2206555615733703
218000.0 7999.788689851761 0.7 1.1874342087037917 1.7 1.1874342087037917
219000.0 8036.265665054321 1.7 2.147091055358389 2.7 2.147091055358389
220000.0 8072.392031908035 0.5 1.118033988749895 1.5 1.118033988749895
221000.0 8108.495505332947 1.7 1.676305461424021 2.7 1.676305461424021
222000.0 8146.769571065903 1.1 1.3 2.1 1.3
223000.0 8181.401584386826 1.4 1.562049935181331 2.4 1.562049935181331
224000.0 8217.560954332352 1.8 2.4819347291981715 2.8 2.4819347291981715
225000.0 8253.11854481697 1.9 2.3430749027719964 2.9 2.3430749027719964
226000.0 8290.588232755661 2.1 1.972308292331602 3.1 1.972308292331602
227000.0 8326.754344701767 1.0 2.0976176963403033 2.0 2.0976176963403033
228000.0 8362.34980893135 1.4 1.562049935181331 2.4 1.562049935181331
229000.0 8398.107237815857 1.9 3.014962686336267 2.9 3.014962686336267
230000.0 8434.499176979065 1.9 2.6248809496813377 2.9 2.6248809496813377
231000.0 8469.955188512802 0.5 1.6278820596099706 1.5 1.6278820596099706
232000.0 8506.909336090088 1.3 2.0024984394500787 2.3 2.0024984394500787
233000.0 8541.756395101547 0.7 1.2688577540449522 1.7 1.2688577540449522
234000.0 8576.190079927444 2.3 1.4866068747318506 3.3 1.4866068747318506
235000.0 8612.845049142838 0.6 1.2806248474865698 1.6 1.2806248474865698
236000.0 8649.358934164047 1.8 1.7204650534085255 2.8 1.7204650534085253
237000.0 8685.332139730453 1.6 1.2 2.6 1.2
238000.0 8720.456813097 1.0 1.5491933384829668 2.0 1.5491933384829668
239000.0 8756.581864356995 0.8 1.469693845669907 1.8 1.469693845669907
240000.0 8793.370738267899 1.8 2.4 2.8 2.4
241000.0 8829.046767234802 0.4 1.42828568570857 1.4 1.42828568570857
242000.0 8863.930148124695 1.9 2.0223748416156684 2.9 2.0223748416156684
243000.0 8901.249100923538 0.8 1.4000000000000001 1.8 1.4000000000000001
244000.0 8938.368629455566 0.3 1.0049875621120892 1.3 1.0049875621120892
245000.0 8974.00259423256 1.0 1.2649110640673518 2.0 1.2649110640673518
246000.0 9009.306886911392 1.4 2.009975124224178 2.4 2.009975124224178
247000.0 9045.251480579376 0.9 1.7578395831246945 1.9 1.7578395831246945
248000.0 9081.148320913315 2.2 2.5612496949731396 3.2 2.5612496949731396
249000.0 9116.371392250061 0.8 2.2715633383201093 1.8 2.2715633383201093
250000.0 9152.884392261505 2.5 2.5787593916455256 3.5 2.5787593916455256
251000.0 9189.672356128693 1.4 1.8547236990991407 2.4 1.8547236990991407
252000.0 9225.805228710175 0.6 1.4966629547095767 1.6 1.4966629547095767
253000.0 9259.790166139603 2.4 2.65329983228432 3.4 2.65329983228432
254000.0 9293.857168674469 0.9 1.7 1.9 1.7
255000.0 9329.612068891525 0.4 2.1540659228538015 1.4 2.1540659228538015
256000.0 9367.035085439682 1.1 1.57797338380595 2.1 1.57797338380595
257000.0 9402.895457267761 1.5 1.857417562100671 2.5 1.857417562100671
258000.0 9439.528314352036 2.0 2.04939015319192 3.0 2.04939015319192
259000.0 9475.717919588089 1.9 2.071231517720798 2.9 2.071231517720798
260000.0 9512.58821964264 1.3 1.7916472867168918 2.3 1.7916472867168918
261000.0 9551.011830806732 1.2 1.8867962264113207 2.2 1.8867962264113207
262000.0 9588.342766284943 0.6 1.1135528725660044 1.6 1.1135528725660044
263000.0 9624.624780893326 0.1 1.2206555615733703 1.1 1.2206555615733703
264000.0 9663.742689371109 1.6 1.42828568570857 2.6 1.42828568570857
265000.0 9699.457751750946 0.6 1.2806248474865698 1.6 1.2806248474865698
266000.0 9736.224663734436 1.6 1.5620499351813308 2.6 1.5620499351813308
267000.0 9773.05576133728 2.5 1.746424919657298 3.5 1.746424919657298
268000.0 9812.10350561142 2.4 2.5377155080899043 3.4 2.5377155080899043
269000.0 9849.065514087677 1.1 1.3 2.1 1.3
270000.0 9885.463495016098 0.8 1.9390719429665317 1.8 1.9390719429665317
271000.0 9921.821382761002 1.6 2.0099751242241783 2.6 2.0099751242241783
272000.0 9958.715569734573 0.7 1.4177446878757827 1.7 1.4177446878757827
273000.0 9996.301338911057 1.3 1.4866068747318506 2.3 1.4866068747318506
274000.0 10030.705462217331 1.6 2.244994432064365 2.6 2.244994432064365
275000.0 10066.640571117401 2.4 2.0591260281974 3.4 2.0591260281974
276000.0 10103.3211581707 2.2 2.1354156504062622 3.2 2.1354156504062622
277000.0 10140.9232442379 1.5 2.1563858652847827 2.5 2.1563858652847827
278000.0 10176.897086143494 2.0 2.5298221281347035 3.0 2.5298221281347035
279000.0 10213.491008520126 0.5 1.4317821063276353 1.5 1.4317821063276353
280000.0 10248.654965162277 1.3 2.2825424421026654 2.3 2.2825424421026654
281000.0 10285.113972187042 1.3 1.1874342087037917 2.3 1.1874342087037917
282000.0 10319.812894105911 0.4 1.019803902718557 1.4 1.019803902718557
283000.0 10354.706840753555 1.3 1.4177446878757822 2.3 1.4177446878757827
284000.0 10389.300400733948 1.4 1.907878402833891 2.4 1.907878402833891
285000.0 10424.31308722496 1.9 1.8138357147217055 2.9 1.8138357147217055
286000.0 10459.078752279282 0.9 1.6401219466856725 1.9 1.6401219466856725
287000.0 10493.763753890991 0.9 1.1357816691600546 1.9 1.1357816691600546
288000.0 10531.370747804642 2.2 1.7204650534085253 3.2 1.7204650534085253
289000.0 10581.04290485382 2.3 2.72213151776324 3.3 2.72213151776324
290000.0 10629.697349309921 0.9 1.7 1.9 1.7
291000.0 10678.614424228668 2.0 1.9493588689617927 3.0 1.9493588689617927
292000.0 10726.691146373749 0.4 1.2 1.4 1.2
293000.0 10775.683627843857 0.2 1.16619037896906 1.2 1.16619037896906
294000.0 10823.713785171509 1.5 2.7294688127912363 2.5 2.7294688127912363
295000.0 10872.07138133049 1.2 1.9390719429665317 2.2 1.9390719429665315
296000.0 10914.402032375336 0.5 1.4317821063276353 1.5 1.4317821063276353
297000.0 10949.676978111267 1.4 1.8547236990991407 2.4 1.8547236990991407
298000.0 10985.558963537216 1.9 2.3000000000000003 2.9 2.3000000000000003
299000.0 11023.670026540756 1.8 2.181742422927143 2.8 2.181742422927143
300000.0 11060.582942008972 0.2 1.6 1.2 1.6
301000.0 11095.819931268692 1.8 2.638181191654584 2.8 2.638181191654584
302000.0 11131.163822889328 1.2 2.181742422927143 2.2 2.181742422927143
303000.0 11168.31482887268 2.0 1.8973665961010275 3.0 1.8973665961010275
304000.0 11206.295853614807 1.6 2.4979991993593593 2.6 2.4979991993593593
305000.0 11243.693485975266 1.2 1.4696938456699067 2.2 1.4696938456699067
306000.0 11281.993736743927 0.8 1.32664991614216 1.8 1.32664991614216
307000.0 11317.496651649475 1.1 1.6401219466856725 2.1 1.6401219466856725
308000.0 11353.718615055084 0.7 1.4866068747318506 1.7 1.4866068747318506
309000.0 11389.541613340378 2.0 1.5491933384829668 3.0 1.5491933384829668
310000.0 11426.57161808014 2.1 2.3430749027719964 3.1 2.3430749027719964
311000.0 11462.61348581314 0.4 1.1135528725660042 1.4 1.1135528725660042
312000.0 11497.629419088364 0.5 1.3601470508735443 1.5 1.3601470508735443
313000.0 11532.09532737732 1.6 1.1135528725660044 2.6 1.1135528725660044
314000.0 11567.632326602936 0.5 1.02469507659596 1.5 1.02469507659596
315000.0 11603.59523153305 0.2 1.4000000000000001 1.2 1.4000000000000001
316000.0 11639.45896410942 1.2 1.077032961426901 2.2 1.0770329614269007
317000.0 11676.030863285065 0.8 1.5362291495737217 1.8 1.5362291495737217
318000.0 11713.301908254623 1.8 2.1354156504062622 2.8 2.1354156504062622
319000.0 11751.768209695816 1.6 2.1071307505705477 2.6 2.1071307505705477
320000.0 11788.61328125 0.6 1.6248076809271923 1.6 1.6248076809271923
321000.0 11824.911083459854 0.8 2.227105745132009 1.8 2.227105745132009
322000.0 11861.995302438736 0.7 1.1 1.7 1.1
323000.0 11899.444878578186 1.7 1.7916472867168918 2.7 1.7916472867168918
324000.0 11936.33991074562 1.4 1.562049935181331 2.4 1.562049935181331
325000.0 11973.924817562103 1.5 1.6881943016134133 2.5 1.6881943016134133
326000.0 12010.287822008133 0.7 1.345362404707371 1.7 1.345362404707371
327000.0 12047.312690496445 1.6 2.0591260281974 2.6 2.0591260281974
328000.0 12083.468678474426 0.7 1.7916472867168916 1.7 1.7916472867168916
329000.0 12119.676880836487 0.5 2.29128784747792 1.5 2.29128784747792
330000.0 12155.369568824768 0.9 1.57797338380595 1.9 1.5779733838059502
331000.0 12192.038637638092 1.3 1.676305461424021 2.3 1.676305461424021
332000.0 12230.728489160538 1.5 1.91049731745428 2.5 1.91049731745428
333000.0 12265.334589719772 0.8 1.98997487421324 1.8 1.98997487421324
334000.0 12300.370381355286 -0.4 0.8 0.6 0.8
335000.0 12339.349375009537 0.9 2.0223748416156684 1.9 2.0223748416156684
336000.0 12375.579311132431 1.6 2.1540659228538015 2.6 2.1540659228538015
337000.0 12411.675490379333 0.8 1.9390719429665317 1.8 1.9390719429665317
338000.0 12455.3108959198 1.7 2.2825424421026654 2.7 2.2825424421026654
339000.0 12492.549170017242 1.8 1.8867962264113207 2.8 1.8867962264113207
340000.0 12534.969784498215 1.0 1.4832396974191326 2.0 1.4832396974191326
341000.0 12584.158101081848 0.9 2.0223748416156684 1.9 2.0223748416156684
342000.0 12622.887006998062 1.6 1.562049935181331 2.6 1.562049935181331
343000.0 12658.917127132416 1.5 1.9621416870348585 2.5 1.9621416870348585
344000.0 12694.110960483551 0.3 1.4866068747318506 1.3 1.4866068747318506
345000.0 12727.548857927322 0.8 1.7776388834631178 1.8 1.7776388834631178
346000.0 12761.115977525711 2.4 2.2449944320643644 3.4 2.2449944320643644
347000.0 12794.807747602463 1.4 1.4966629547095767 2.4 1.4966629547095767
348000.0 12828.618808984756 1.2 2.181742422927143 2.2 2.181742422927143
349000.0 12862.348544597626 1.4 1.7435595774162693 2.4 1.7435595774162693
350000.0 12899.631045818329 0.1 0.8306623862918076 1.1 0.8306623862918074
351000.0 12941.139788389206 1.3 1.5524174696260022 2.3 1.5524174696260022
352000.0 12976.169105768204 0.6 1.42828568570857 1.6 1.42828568570857
353000.0 13012.044628620148 1.7 2.758622844826744 2.7 2.758622844826744
354000.0 13047.333490610123 1.1 1.7 2.1 1.7
355000.0 13082.377845048904 1.8 2.2715633383201093 2.8 2.2715633383201093
356000.0 13117.361112594604 1.0 1.4142135623730951 2.0 1.4142135623730951
357000.0 13153.156350374222 1.4 1.7435595774162693 2.4 1.7435595774162693
358000.0 13188.75167131424 2.1 1.9723082923316022 3.1 1.9723082923316022
359000.0 13224.978545665741 2.1 2.2561028345356955 3.1 2.2561028345356955
360000.0 13262.836275339127 0.2 1.4 1.2 1.4
361000.0 13300.017445325851 2.2 2.315167380558045 3.2 2.315167380558045
362000.0 13336.577711820602 2.3 2.2825424421026654 3.3 2.2825424421026654
363000.0 13371.77119255066 2.4 2.4576411454889016 3.4 2.4576411454889016
364000.0 13405.952046632767 1.6 1.3564659966250538 2.6 1.3564659966250538
365000.0 13441.53199839592 1.2 1.9390719429665317 2.2 1.9390719429665317
366000.0 13476.297946214676 0.8 1.661324772583615 1.8 1.661324772583615
367000.0 13511.495418310165 0.4 1.019803902718557 1.4 1.019803902718557
368000.0 13546.287638187408 0.1 1.1357816691600546 1.1 1.1357816691600546
369000.0 13580.593869447708 0.3 1.1 1.3 1.1
370000.0 14789.504988193512 1.7 2.0518284528683193 2.7 2.0518284528683193
371000.0 14821.170372486115 1.2 1.077032961426901 2.2 1.077032961426901
372000.0 14854.95922255516 1.1 2.2561028345356955 2.1 2.2561028345356955
373000.0 14889.026487112045 0.9 1.3 1.9 1.3
374000.0 14921.864354610443 0.9 1.972308292331602 1.9 1.972308292331602
375000.0 14955.563326358795 1.2 2.227105745132009 2.2 2.227105745132009
376000.0 14988.653809309006 0.7 2.0999999999999996 1.7 2.0999999999999996
377000.0 15022.488977909088 1.6 2.3323807579381204 2.6 2.3323807579381204
378000.0 15056.048821210861 1.0 1.4832396974191326 2.0 1.4832396974191326
379000.0 15090.472650051117 1.5 2.0615528128088303 2.5 2.0615528128088303
380000.0 15124.571292877197 1.0 1.9493588689617927 2.0 1.9493588689617927
381000.0 15157.741827964783 0.5 1.91049731745428 1.5 1.91049731745428
382000.0 15191.696519851685 0.5 0.806225774829855 1.5 0.806225774829855
383000.0 15225.045872926712 2.1 3.014962686336267 3.1 3.014962686336267
384000.0 15258.186158418655 0.3 0.9 1.3 0.9
385000.0 15290.805470228195 0.2 0.8717797887081347 1.2 0.8717797887081347
386000.0 15323.901649951935 0.5 1.284523257866513 1.5 1.284523257866513
387000.0 15358.019060373306 1.4 1.4966629547095767 2.4 1.4966629547095767
388000.0 15391.972756624222 0.9 1.8681541692269403 1.9 1.8681541692269403
389000.0 15425.720193624496 1.4 1.624807680927192 2.4 1.624807680927192
390000.0 15459.555404186249 0.3 1.4177446878757827 1.3 1.4177446878757827
391000.0 15493.691366910934 2.1 2.5475478405713994 3.1 2.5475478405713994
392000.0 15527.613239526749 0.9 0.9433981132056604 1.9 0.9433981132056604
393000.0 15561.418013095856 2.0 1.0954451150103321 3.0 1.0954451150103321
394000.0 15595.601783275604 1.4 1.7435595774162693 2.4 1.7435595774162693
395000.0 15629.817362070084 1.1 1.2206555615733703 2.1 1.2206555615733703
396000.0 15663.266492128372 1.5 1.91049731745428 2.5 1.91049731745428
397000.0 15698.646515130997 1.3 1.676305461424021 2.3 1.676305461424021
398000.0 15732.71206665039 1.9 1.57797338380595 2.9 1.57797338380595
399000.0 15772.422108411789 1.2 1.7204650534085253 2.2 1.7204650534085255
400000.0 15814.040919303894 0.8 2.181742422927143 1.8 2.181742422927143
401000.0 15854.14628791809 1.4 2.764054992217051 2.4 2.764054992217051
402000.0 15890.108744621277 1.4 1.7435595774162693 2.4 1.7435595774162693
403000.0 15929.0756316185 1.9 1.3 2.9 1.3
404000.0 15969.363045930862 2.2 1.4 3.2 1.4
405000.0 16007.022750139236 1.9 2.6248809496813377 2.9 2.6248809496813377
406000.0 16044.962215662003 0.7 1.4177446878757827 1.7 1.4177446878757827
407000.0 16081.266155719757 1.4 1.2 2.4 1.2
408000.0 16124.419116735458 1.8 2.227105745132009 2.8 2.2271057451320084
409000.0 16165.154236078262 0.2 1.16619037896906 1.2 1.16619037896906
410000.0 16202.987246513367 2.6 2.1540659228538015 3.6 2.1540659228538015
411000.0 16239.634335041046 1.4 1.7435595774162695 2.4 1.7435595774162695
412000.0 16277.9222843647 1.7 2.4919871588754225 2.7 2.4919871588754225
413000.0 16317.53991317749 2.2 2.3579652245103193 3.2 2.3579652245103193
414000.0 16355.621885061264 0.7 1.1874342087037917 1.7 1.1874342087037917
415000.0 16394.626862049103 2.5 1.9621416870348585 3.5 1.9621416870348585
416000.0 16436.554488658905 2.2 1.4696938456699067 3.2 1.4696938456699067
417000.0 16476.398067951202 0.9 1.2206555615733703 1.9 1.2206555615733703
418000.0 16515.18642640114 2.5 1.746424919657298 3.5 1.746424919657298
419000.0 16555.038370132446 0.3 1.1874342087037917 1.3 1.1874342087037917
420000.0 16594.982051610947 1.5 2.0615528128088303 2.5 2.0615528128088303
421000.0 16635.216945648193 2.0 1.6733200530681511 3.0 1.6733200530681511
422000.0 16669.32131266594 1.7 2.0024984394500787 2.7 2.0024984394500787
423000.0 16702.99667406082 0.9 2.1656407827707715 1.9 2.1656407827707715
424000.0 16739.091356515884 1.4 1.42828568570857 2.4 1.42828568570857
425000.0 16772.953378915787 1.6 1.8 2.6 1.8
426000.0 16806.152763843536 0.8 1.0770329614269007 1.8 1.0770329614269007
427000.0 16840.128371715546 1.9 2.467792535850613 2.9 2.467792535850613
428000.0 16873.955635786057 1.5 1.3601470508735443 2.5 1.3601470508735443
429000.0 16907.43471264839 2.2 2.821347195933177 3.2 2.821347195933177
430000.0 16942.1675658226 1.0 2.1908902300206643 2.0 2.1908902300206643
431000.0 16975.649538993835 2.2 2.0880613017821097 3.2 2.0880613017821097
432000.0 17009.292922973633 2.3 1.2688577540449522 3.3 1.2688577540449522
433000.0 17042.563073158264 0.9 2.0223748416156684 1.9 2.0223748416156684
434000.0 17076.436328172684 0.8 1.4000000000000001 1.8 1.4000000000000001
435000.0 17109.94185090065 1.5 2.0124611797498106 2.5 2.0124611797498106
436000.0 17143.089496850967 1.4 1.8 2.4 1.8
437000.0 17176.773567676544 2.5 2.7658633371878665 3.5 2.7658633371878665
438000.0 17210.75953936577 1.6 2.7276363393971716 2.6 2.7276363393971716
439000.0 17244.06732916832 1.4 2.2891046284519194 2.4 2.2891046284519194
440000.0 17277.540730953217 1.4 1.8547236990991407 2.4 1.8547236990991407
441000.0 17310.99653506279 1.1 1.2206555615733703 2.1 1.2206555615733703
442000.0 17343.905630111694 2.4 1.8547236990991407 3.4 1.8547236990991407
443000.0 17377.221455335617 2.2 2.5612496949731396 3.2 2.5612496949731396
444000.0 17410.317396879196 0.8 1.469693845669907 1.8 1.469693845669907
445000.0 17443.81514787674 1.2 2.039607805437114 2.2 2.039607805437114
446000.0 17477.63102912903 2.3 1.5524174696260022 3.3 1.5524174696260022
447000.0 17511.17542028427 1.5 1.5652475842498528 2.5 1.5652475842498528
448000.0 17544.121309280396 1.4 1.2 2.4 1.2
449000.0 17577.248294353485 0.6 1.3564659966250536 1.6 1.3564659966250536
450000.0 17610.371255397797 1.6 1.7435595774162693 2.6 1.7435595774162693
451000.0 17643.659105062485 2.0 1.9493588689617927 3.0 1.9493588689617927
452000.0 17677.489228010178 1.1 1.9723082923316022 2.1 1.9723082923316022
453000.0 17711.04141974449 0.8 1.7776388834631178 1.8 1.7776388834631178
454000.0 17744.910687208176 1.6 2.0591260281974 2.6 2.0591260281974
455000.0 17778.630796432495 0.7 2.1 1.7 2.1
456000.0 17812.788843870163 0.2 0.8717797887081347 1.2 0.8717797887081347
457000.0 17846.01869726181 2.7 2.3685438564654024 3.7 2.3685438564654024
458000.0 17879.724196195602 1.4 2.1999999999999997 2.4 2.1999999999999997
459000.0 17912.71843099594 1.0 1.7320508075688772 2.0 1.7320508075688772
460000.0 17946.100703954697 1.1 1.57797338380595 2.1 1.57797338380595
461000.0 17979.40716099739 0.8 0.9797958971132713 1.8 0.9797958971132713
462000.0 18012.657036542892 1.7 1.8466185312619388 2.7 1.8466185312619388
463000.0 18045.93816614151 1.9 1.8138357147217055 2.9 1.8138357147217055
464000.0 18079.23205780983 1.1 1.7 2.1 1.7
465000.0 18112.100234746933 1.3 1.1874342087037917 2.3 1.1874342087037917
466000.0 18146.34285211563 1.4 2.33238075793812 2.4 2.33238075793812
467000.0 18180.352059841156 1.3 2.2825424421026654 2.3 2.2825424421026654
468000.0 18213.78256034851 1.0 1.1832159566199232 2.0 1.1832159566199232
469000.0 18247.295969247818 2.8 1.7776388834631178 3.8 1.7776388834631178
470000.0 18280.54567670822 1.3 0.9 2.3 0.9
471000.0 18314.80270409584 1.9 2.5475478405713994 2.9 2.5475478405713994
472000.0 18348.55602645874 1.4 1.1135528725660044 2.4 1.1135528725660044
473000.0 18383.46749854088 1.8 1.661324772583615 2.8 1.661324772583615
474000.0 18417.430918455124 1.5 2.1095023109728985 2.5 2.1095023109728985
475000.0 18450.69943356514 1.7 2.051828452868319 2.7 2.0518284528683193
476000.0 18484.838197231293 2.2 1.4000000000000001 3.2 1.4000000000000001
477000.0 18517.698981046677 1.1 2.7730849247724096 2.1 2.7730849247724096
478000.0 18551.036068677902 1.3 1.4866068747318506 2.3 1.4866068747318506
479000.0 18584.48431992531 1.2 1.8330302779823362 2.2 1.8330302779823362
480000.0 18617.678703784943 1.9 2.0223748416156684 2.9 2.0223748416156684
481000.0 18651.24546790123 2.2 2.7856776554368237 3.2 2.7856776554368237
482000.0 18684.826444625854 1.6 2.009975124224178 2.6 2.009975124224178
483000.0 18718.087827920914 1.6 1.685229954635272 2.6 1.685229954635272
484000.0 18751.9276304245 1.1 2.3853720883753127 2.1 2.3853720883753127
485000.0 18785.72931098938 2.1 2.118962010041709 3.1 2.118962010041709
486000.0 18819.190701961517 0.7 1.3453624047073711 1.7 1.3453624047073711
487000.0 18852.776960849762 2.8 2.481934729198171 3.8 2.481934729198171
488000.0 18885.837662935257 0.7 1.1874342087037917 1.7 1.1874342087037917
489000.0 18919.56272315979 1.0 1.5491933384829668 2.0 1.5491933384829668
490000.0 18952.858017206192 0.8 1.077032961426901 1.8 1.077032961426901
491000.0 18986.487981557846 2.3 3.0675723300355937 3.3 3.0675723300355937
492000.0 19020.55720090866 1.6 1.42828568570857 2.6 1.42828568570857
493000.0 19054.098964452744 3.0 3.847076812334269 4.0 3.847076812334269
494000.0 19087.766675949097 2.3 2.2825424421026654 3.3 2.2825424421026654
495000.0 19121.57576942444 2.0 2.3664319132398464 3.0 2.3664319132398464
496000.0 19156.89802670479 1.7 2.6095976701399777 2.7 2.6095976701399777
497000.0 19193.139199495316 1.3 1.6155494421403511 2.3 1.6155494421403513
498000.0 19228.002038002014 0.7 1.1874342087037917 1.7 1.1874342087037917
499000.0 19262.77711248398 1.2 1.7776388834631176 2.2 1.7776388834631176
500000.0 19301.370726823807 2.6 1.9078784028338913 3.6 1.9078784028338913
501000.0 19342.76802945137 0.7 1.345362404707371 1.7 1.345362404707371
502000.0 19385.32121539116 0.3 0.9 1.3 0.9
503000.0 19426.60919570923 0.3 0.7810249675906655 1.3 0.7810249675906655
504000.0 19468.72905063629 2.9 2.211334438749598 3.9 2.211334438749598
505000.0 19511.034607887268 1.5 1.3601470508735443 2.5 1.3601470508735443
506000.0 19552.976042985916 0.9 1.1357816691600549 1.9 1.1357816691600549
507000.0 19595.132212162018 1.8 2.6 2.8 2.6
508000.0 19637.25785446167 1.8 1.469693845669907 2.8 1.4696938456699067
509000.0 19683.177230119705 1.3 1.676305461424021 2.3 1.676305461424021
510000.0 19756.63799405098 1.8 1.2489995996796797 2.8 1.2489995996796797
511000.0 19812.840749263763 1.7 1.4866068747318506 2.7 1.4866068747318506
512000.0 19870.735306978226 1.4 2.1071307505705477 2.4 2.1071307505705477
513000.0 19929.605091810226 1.2 1.7776388834631178 2.2 1.7776388834631176
514000.0 19984.931215524673 2.5 3.442382895611701 3.5 3.442382895611701
515000.0 20041.407595157623 -0.1 0.7000000000000001 0.9 0.7000000000000001
516000.0 20102.306324243546 1.6 1.42828568570857 2.6 1.42828568570857
517000.0 20160.21379494667 2.3 1.9519221295943134 3.3 1.9519221295943134
518000.0 20216.967183351517 1.2 2.5612496949731396 2.2 2.5612496949731396
519000.0 20278.380824804306 0.7 1.1 1.7 1.1
520000.0 20329.706498622894 0.4 1.4966629547095767 1.4 1.4966629547095767
521000.0 20388.239952802658 1.5 1.8027756377319946 2.5 1.8027756377319946
522000.0 20440.305716991425 1.7 2.0024984394500787 2.7 2.0024984394500787
523000.0 20484.19503879547 1.8 1.8330302779823358 2.8 1.8330302779823358
524000.0 20526.825272083282 1.3 2.147091055358389 2.3 2.147091055358389
525000.0 20566.68399977684 1.8 1.8867962264113207 2.8 1.8867962264113207
526000.0 20605.093863248825 1.4 1.562049935181331 2.4 1.562049935181331
527000.0 20645.38877058029 1.7 1.4177446878757827 2.7 1.4177446878757827
528000.0 20688.097929239273 1.0 1.7320508075688772 2.0 1.7320508075688772
529000.0 20727.34903073311 1.1 1.7 2.1 1.7
530000.0 20769.552627801895 1.8 1.7204650534085255 2.8 1.7204650534085253
531000.0 20807.2073905468 1.6 2.0591260281974 2.6 2.0591260281974
532000.0 20844.203551054 2.1 4.52658811910251 3.1 4.52658811910251
533000.0 20881.049490451813 0.3 1.1 1.3 1.1
534000.0 20918.08832168579 0.3 1.4177446878757827 1.3 1.4177446878757827
535000.0 20955.94160246849 2.3 2.0518284528683193 3.3 2.0518284528683193
536000.0 20993.35920071602 1.2 1.2489995996796797 2.2 1.2489995996796797
537000.0 21032.944759845734 0.9 1.972308292331602 1.9 1.972308292331602
538000.0 21078.09885430336 0.9 1.3 1.9 1.3
539000.0 21117.695312023163 1.4 2.576819745345025 2.4 2.576819745345025
540000.0 21155.94767999649 1.0 1.3416407864998738 2.0 1.3416407864998738
541000.0 21193.21719765663 1.5 2.202271554554524 2.5 2.202271554554524
542000.0 21229.922054052353 2.7 1.8466185312619388 3.7 1.8466185312619388
543000.0 21266.3850209713 1.7 1.676305461424021 2.7 1.676305461424021
544000.0 21301.90400648117 2.2 2.85657137141714 3.2 2.85657137141714
545000.0 21336.77383375168 0.7 1.9519221295943134 1.7 1.9519221295943134
546000.0 21373.883984327316 1.8 1.98997487421324 2.8 1.98997487421324
547000.0 21409.80800962448 0.7 1.4866068747318506 1.7 1.4866068747318506
548000.0 21447.865354537964 0.4 1.624807680927192 1.4 1.624807680927192
549000.0 21484.557691335678 1.5 1.6278820596099706 2.5 1.6278820596099706
550000.0 21523.284416675568 1.7 2.6095976701399777 2.7 2.6095976701399777
551000.0 21562.918820142746 1.3 1.6155494421403513 2.3 1.6155494421403513
552000.0 21598.21260857582 1.9 1.9209372712298547 2.9 1.9209372712298547
553000.0 21634.099596261978 0.2 0.9797958971132712 1.2 0.9797958971132712
554000.0 21673.14277768135 2.0 1.61245154965971 3.0 1.61245154965971
555000.0 21711.075482845306 1.3 2.193171219946131 2.3 2.193171219946131
556000.0 21747.587906599045 2.4 2.1540659228538015 3.4 2.1540659228538015
557000.0 21786.490795850754 1.4 0.9165151389911681 2.4 0.9165151389911681
558000.0 21822.491317033768 0.8 1.0770329614269007 1.8 1.0770329614269007
559000.0 21858.84727048874 0.7 1.6155494421403511 1.7 1.6155494421403511
560000.0 21896.24239873886 1.8 2.315167380558045 2.8 2.315167380558045
561000.0 21934.34484887123 2.7 2.3685438564654024 3.7 2.3685438564654024
562000.0 21973.204789161682 2.1 2.3430749027719964 3.1 2.3430749027719964
563000.0 22011.93904876709 3.6 1.5620499351813308 4.6 1.5620499351813308
564000.0 22050.73003578186 2.1 1.57797338380595 3.1 1.57797338380595
565000.0 22091.913061141968 0.9 1.445683229480096 1.9 1.445683229480096
566000.0 22129.471905231476 1.6 1.3564659966250536 2.6 1.3564659966250536
567000.0 22168.485887289047 1.6 1.8 2.6 1.8
568000.0 22209.23293375969 2.5 2.5 3.5 2.5
569000.0 22246.78185248375 3.6 3.1368774282716245 4.6 3.1368774282716245
570000.0 22284.506633281708 2.5 1.6881943016134133 3.5 1.6881943016134133
571000.0 22320.81166291237 1.2 1.7204650534085255 2.2 1.7204650534085253
572000.0 22359.169828414917 1.7 2.8301943396169813 2.7 2.8301943396169813
573000.0 22397.443580150604 0.7 1.4866068747318506 1.7 1.4866068747318506
574000.0 22435.175793409348 1.1 1.445683229480096 2.1 1.445683229480096
575000.0 22472.842717647552 0.5 1.4317821063276353 1.5 1.4317821063276353
576000.0 22511.210954666138 2.5 2.80178514522438 3.5 2.80178514522438
577000.0 22550.055439710617 1.6 2.2891046284519194 2.6 2.2891046284519194
578000.0 22590.372377872467 1.2 1.7776388834631176 2.2 1.7776388834631176
579000.0 22630.391813993454 2.4 2.2 3.4 2.2
580000.0 22673.721170902252 2.3 1.7916472867168918 3.3 1.7916472867168918
581000.0 22713.727212190628 0.5 1.3601470508735443 1.5 1.3601470508735443
582000.0 22749.587163448334 0.9 1.8681541692269403 1.9 1.8681541692269403
583000.0 22784.422504901886 2.4 2.1999999999999997 3.4 2.1999999999999997
584000.0 22821.561991214752 1.4 2.0591260281974 2.4 2.0591260281974
585000.0 22857.86059474945 0.5 1.02469507659596 1.5 1.02469507659596
586000.0 22893.03992342949 2.0 1.4142135623730951 3.0 1.4142135623730951
587000.0 22929.14775109291 2.3 1.7349351572897473 3.3 1.7349351572897473
588000.0 22965.80292224884 1.8 1.9390719429665317 2.8 1.9390719429665315
589000.0 23004.260877370834 1.9 2.5865034312755126 2.9 2.5865034312755126
590000.0 23039.933003425598 2.6 2.1540659228538015 3.6 2.1540659228538015
591000.0 23078.227352380753 0.7 1.345362404707371 1.7 1.345362404707371
592000.0 23117.792738437653 3.0 3.5496478698597698 4.0 3.5496478698597698
593000.0 23152.896042108536 1.3 2.147091055358389 2.3 2.147091055358389
594000.0 23190.215087890625 2.1 2.7730849247724096 3.1 2.7730849247724096
595000.0 23228.33156657219 1.5 0.9219544457292888 2.5 0.9219544457292888
596000.0 23263.849526405334 1.5 2.3345235059857505 2.5 2.3345235059857505
597000.0 23301.729998350143 2.4 2.8705400188814645 3.4 2.8705400188814645
598000.0 23339.32874250412 1.0 1.5491933384829668 2.0 1.5491933384829668
599000.0 23377.17924118042 1.9 2.7 2.9 2.7
600000.0 23414.33430504799 0.5 1.4317821063276353 1.5 1.4317821063276353
601000.0 23449.526373147964 0.7 1.345362404707371 1.7 1.345362404707371
602000.0 23487.45325779915 1.0 1.0954451150103321 2.0 1.0954451150103321
603000.0 23526.565541267395 1.9 1.6401219466856727 2.9 1.6401219466856727
604000.0 23562.521174907684 1.6 1.854723699099141 2.6 1.854723699099141
605000.0 23597.50905776024 2.5 2.3769728648009427 3.5 2.3769728648009427
606000.0 23633.401542901993 2.3 2.1 3.3 2.1
607000.0 23672.045082092285 0.4 0.9165151389911679 1.4 0.9165151389911679
608000.0 23708.446979999542 1.9 2.773084924772409 2.9 2.773084924772409
609000.0 23742.83292746544 3.2 2.749545416973504 4.2 2.749545416973504
610000.0 23777.610917568207 1.3 1.1874342087037917 2.3 1.1874342087037917
611000.0 23813.253784656525 0.5 1.118033988749895 1.5 1.118033988749895
612000.0 23848.50377726555 3.3 2.5709920264364885 4.3 2.5709920264364885
613000.0 23883.505526542664 1.1 1.374772708486752 2.1 1.374772708486752
614000.0 23918.346638917923 1.3 1.2688577540449522 2.3 1.2688577540449522
615000.0 23954.9476480484 1.0 1.5491933384829668 2.0 1.5491933384829668
616000.0 23992.222007513046 1.2 1.8867962264113207 2.2 1.8867962264113207
617000.0 24027.72048473358 1.2 1.16619037896906 2.2 1.16619037896906
618000.0 24064.131531238556 1.5 1.6278820596099706 2.5 1.6278820596099706
619000.0 24101.647545814514 1.8 2.039607805437114 2.8 2.039607805437114
620000.0 24138.370373249054 1.8 1.661324772583615 2.8 1.661324772583615
621000.0 24173.815314769745 0.4 1.7435595774162693 1.4 1.7435595774162693
622000.0 24210.02542448044 0.5 2.1095023109728985 1.5 2.1095023109728985
623000.0 24248.451607704163 1.7 1.9519221295943134 2.7 1.9519221295943134
624000.0 24285.592438220978 1.4 2.244994432064365 2.4 2.244994432064365
625000.0 24324.503816843033 0.9 1.445683229480096 1.9 1.445683229480096
626000.0 24361.191913604736 2.4 2.576819745345025 3.4 2.576819745345025
627000.0 24397.525108098984 1.4 2.2 2.4 2.2
628000.0 24433.968561410904 1.1 1.8138357147217055 2.1 1.8138357147217055
629000.0 24469.35776901245 1.4 2.1071307505705477 2.4 2.1071307505705477
630000.0 24504.84296131134 1.7 2.570992026436488 2.7 2.570992026436488
631000.0 24539.74390721321 0.8 1.469693845669907 1.8 1.469693845669907
632000.0 24574.681775569916 2.6 2.0591260281974 3.6 2.0591260281974
633000.0 24609.483896255493 0.8 1.469693845669907 1.8 1.469693845669907
634000.0 24644.806187152863 1.2 1.98997487421324 2.2 1.98997487421324
635000.0 24697.832144975662 1.7 1.7916472867168916 2.7 1.791647286716892
636000.0 24768.095187187195 2.4 1.6852299546352716 3.4 1.6852299546352716
637000.0 24818.15010380745 1.3 2.4919871588754225 2.3 2.4919871588754225
638000.0 24867.346994161606 1.6 1.8 2.6 1.8
639000.0 24916.511582136154 1.7 1.9519221295943134 2.7 1.9519221295943134
640000.0 24965.793746948242 1.4 1.6852299546352718 2.4 1.6852299546352718
641000.0 25013.160539865494 1.4 1.4966629547095767 2.4 1.4966629547095767
642000.0 25049.95475792885 0.1 1.5132745950421558 1.1 1.5132745950421556
643000.0 25086.522409915924 1.0 1.5491933384829668 2.0 1.5491933384829668
644000.0 25123.31276488304 1.9 2.6999999999999997 2.9 2.6999999999999997
645000.0 25160.2066757679 0.5 1.8027756377319946 1.5 1.8027756377319946
646000.0 25199.06436562538 3.4 3.2924155266308657 4.4 3.2924155266308657
647000.0 25236.323228359222 1.6 2.2 2.6 2.2
648000.0 25274.16465806961 2.9 2.3430749027719964 3.9 2.3430749027719964
649000.0 25311.863655090332 2.2 2.5612496949731396 3.2 2.5612496949731396
650000.0 25349.432173013687 0.9 1.6401219466856727 1.9 1.6401219466856727
651000.0 25387.302574634552 1.8 2.039607805437114 2.8 2.039607805437114
652000.0 25425.302641153336 0.0 1.0954451150103321 1.0 1.0954451150103321
653000.0 25462.492998600006 0.5 2.1563858652847827 1.5 2.1563858652847827
654000.0 25503.833458423615 2.4 2.2449944320643644 3.4 2.2449944320643644
655000.0 25546.418862104416 2.5 2.29128784747792 3.5 2.29128784747792
656000.0 25584.287898540497 0.9 1.7 1.9 1.7
657000.0 25622.700600624084 1.8 1.7204650534085253 2.8 1.7204650534085255
658000.0 25659.152290821075 1.3 1.9519221295943137 2.3 1.9519221295943134
659000.0 25697.483925819397 2.4 2.4166091947189146 3.4 2.4166091947189146
660000.0 25736.11980009079 0.4 1.6852299546352716 1.4 1.6852299546352716
661000.0 25771.379041433334 1.5 2.0615528128088303 2.5 2.0615528128088303
662000.0 25810.77272939682 1.6 2.615339366124404 2.6 2.615339366124404
663000.0 25855.40500998497 1.2 1.32664991614216 2.2 1.32664991614216
664000.0 25891.66763162613 0.5 1.5652475842498528 1.5 1.5652475842498528
665000.0 25931.549459934235 1.4 1.4966629547095767 2.4 1.4966629547095767
666000.0 25972.66135454178 2.5 1.91049731745428 3.5 1.91049731745428
667000.0 26011.073390483856 1.6 1.9078784028338913 2.6 1.9078784028338913
668000.0 26050.792863845825 1.4 2.1540659228538015 2.4 2.1540659228538015
669000.0 26092.19659972191 2.3 2.368543856465402 3.3 2.368543856465402
670000.0 26132.143417596817 2.6 2.1071307505705477 3.6 2.1071307505705477
671000.0 26173.218227624893 1.9 1.8138357147217055 2.9 1.8138357147217055
672000.0 26213.828911542892 1.4 2.0591260281974 2.4 2.0591260281974
673000.0 26250.974457025528 1.5 2.0615528128088303 2.5 2.0615528128088303
674000.0 26286.141593694687 0.9 1.7 1.9 1.7
675000.0 26322.711203813553 1.7 2.193171219946131 2.7 2.193171219946131
676000.0 26362.50487446785 1.0 2.0 2.0 2.0
677000.0 26403.981776952744 1.9 2.2561028345356955 2.9 2.2561028345356955
678000.0 26442.813508749008 2.7 2.451530134426253 3.7 2.451530134426253
679000.0 26484.455825328827 0.4 0.9165151389911679 1.4 0.9165151389911679
680000.0 26525.613110542297 2.4 1.8547236990991407 3.4 1.8547236990991407
681000.0 26562.874056577682 1.3 1.4866068747318506 2.3 1.4866068747318506
682000.0 26600.71892786026 2.0 2.04939015319192 3.0 2.04939015319192
683000.0 26641.06544661522 2.6 2.3748684174075834 3.6 2.3748684174075834
684000.0 26680.36462855339 0.9 1.7 1.9 1.7
685000.0 26730.785732507706 2.2 1.8867962264113207 3.2 1.8867962264113207
686000.0 26778.04130744934 1.1 1.8681541692269406 2.1 1.8681541692269406
687000.0 26827.637624263763 2.2 2.181742422927143 3.2 2.181742422927143
688000.0 26876.940595388412 1.1 2.022374841615669 2.1 2.022374841615669
689000.0 26933.530532598495 0.3 1.1874342087037917 1.3 1.1874342087037917
690000.0 26985.925794363022 0.7 1.7349351572897473 1.7 1.7349351572897473
691000.0 27034.923816919327 3.3 1.7916472867168916 4.3 1.7916472867168916
692000.0 27082.38681769371 1.9 0.7 2.9 0.7
693000.0 27131.00362944603 2.1 1.57797338380595 3.1 1.57797338380595
694000.0 27179.987154722214 1.6 2.973213749463701 2.6 2.973213749463701
695000.0 27235.175555229187 1.8 2.749545416973504 2.8 2.749545416973504
696000.0 27287.284329891205 1.3 1.846618531261939 2.3 1.8466185312619388
697000.0 27341.30791258812 1.5 1.746424919657298 2.5 1.746424919657298
698000.0 27389.987431526184 3.0 3.03315017762062 4.0 3.03315017762062
699000.0 27437.546933412552 1.5 1.6881943016134133 2.5 1.6881943016134133
700000.0 27480.21606874466 0.8 1.469693845669907 1.8 1.469693845669907
701000.0 27522.9514939785 1.1 1.8681541692269406 2.1 1.8681541692269406
702000.0 27566.060692071915 2.2 2.638181191654584 3.2 2.638181191654584
703000.0 27610.115497350693 2.8 2.08806130178211 3.8 2.08806130178211
704000.0 27652.995864391327 1.4 1.4966629547095767 2.4 1.4966629547095767
705000.0 27696.452378749847 2.0 1.2649110640673518 3.0 1.2649110640673518
706000.0 27740.259866952896 1.1 1.8138357147217055 2.1 1.8138357147217055
707000.0 27783.342351913452 1.4 1.3564659966250538 2.4 1.3564659966250538
708000.0 27826.272240400314 1.3 2.282542442102666 2.3 2.282542442102666
709000.0 27863.91903758049 2.4 2.1999999999999997 3.4 2.1999999999999997
710000.0 27894.399721860886 1.8 1.8330302779823362 2.8 1.8330302779823362
711000.0 27926.656738996506 0.9 1.445683229480096 1.9 1.445683229480096
712000.0 27959.31387400627 2.2 2.3151673805580453 3.2 2.3151673805580453
713000.0 27993.434654951096 1.8 1.8330302779823362 2.8 1.8330302779823362
714000.0 28028.027586698532 1.6 2.3323807579381204 2.6 2.3323807579381204
715000.0 28062.105423927307 1.6 1.9595917942265424 2.6 1.9595917942265424
716000.0 28095.851500749588 2.2 2.3151673805580453 3.2 2.3151673805580453
717000.0 28129.355427742004 1.5 3.2326459750489227 2.5 3.2326459750489227
718000.0 28163.549299240112 2.1 2.662705391138869 3.1 2.662705391138869
719000.0 28202.091437339783 1.4 2.0591260281974 2.4 2.0591260281974
720000.0 28245.298572301865 2.2 2.785677655436824 3.2 2.785677655436824
721000.0 28288.352287769318 1.8 2.5612496949731396 2.8 2.5612496949731396
722000.0 28331.05301809311 2.2 1.1661903789690602 3.2 1.1661903789690602
723000.0 28374.133372545242 2.6 3.5552777669262356 3.6 3.5552777669262356
724000.0 28416.868981838226 0.9 2.7730849247724096 1.9 2.7730849247724096
725000.0 28459.911344766617 0.7 1.1 1.7 1.1
726000.0 28502.28284716606 1.8 2.08806130178211 2.8 2.08806130178211
727000.0 28534.601059913635 1.6 1.562049935181331 2.6 1.562049935181331
728000.0 28566.097895383835 2.2 2.4819347291981715 3.2 2.4819347291981715
729000.0 28598.61584663391 2.4 2.416609194718914 3.4 2.416609194718914
730000.0 28632.45682835579 1.0 1.7320508075688772 2.0 1.7320508075688772
731000.0 28666.255803108215 1.3 1.8466185312619388 2.3 1.8466185312619388
732000.0 28700.28475832939 1.1 1.3 2.1 1.3
733000.0 28735.06168270111 1.7 1.7916472867168918 2.7 1.7916472867168918
734000.0 28770.93966817856 1.0 1.8973665961010275 2.0 1.8973665961010275
735000.0 28810.788600444794 1.5 2.202271554554524 2.5 2.202271554554524
736000.0 28845.652002334595 0.4 1.562049935181331 1.4 1.562049935181331
737000.0 28885.46411204338 0.4 1.2 1.4 1.2
738000.0 28924.61847448349 1.2 2.08806130178211 2.2 2.08806130178211
739000.0 28962.49014401436 1.8 2.181742422927143 2.8 2.181742422927143
740000.0 29001.83674764633 1.6 1.42828568570857 2.6 1.42828568570857
741000.0 29040.304400920868 0.6 1.2806248474865698 1.6 1.2806248474865698
742000.0 29083.77946782112 1.0 1.6733200530681511 2.0 1.6733200530681511
743000.0 29127.741171598434 1.2 1.32664991614216 2.2 1.32664991614216
744000.0 29170.29953098297 1.1 1.2206555615733703 2.1 1.2206555615733703
745000.0 29213.841296434402 1.8 2.1354156504062622 2.8 2.1354156504062622
746000.0 29256.300720214844 1.5 1.6278820596099706 2.5 1.6278820596099706
747000.0 29298.381981611252 1.4 1.6852299546352716 2.4 1.6852299546352716
748000.0 29341.062215566635 1.9 2.467792535850613 2.9 2.467792535850613
749000.0 29384.54970240593 1.2 1.7776388834631178 2.2 1.7776388834631176
750000.0 29427.24882555008 2.4 1.8547236990991407 3.4 1.8547236990991407
751000.0 29470.194293260574 1.7 1.6155494421403511 2.7 1.6155494421403513
752000.0 29513.22890639305 2.0 2.0 3.0 2.0
753000.0 29555.81876015663 1.9 1.8681541692269406 2.9 1.8681541692269406
754000.0 29596.617573976517 2.9 2.947880594596735 3.9 2.947880594596735
755000.0 29629.256532669067 1.0 1.8439088914585775 2.0 1.8439088914585775
756000.0 29666.565505743027 0.4 1.8 1.4 1.8
757000.0 29705.530566453934 2.4 2.2891046284519194 3.4 2.2891046284519194
758000.0 29746.29122209549 1.0 1.2649110640673518 2.0 1.2649110640673518
759000.0 29785.95085501671 0.5 1.4317821063276353 1.5 1.4317821063276353
760000.0 29823.872367620468 1.4 1.3564659966250536 2.4 1.3564659966250536
761000.0 29857.705384731293 1.4 1.8 2.4 1.8
762000.0 29891.474230527878 0.4 1.7435595774162693 1.4 1.7435595774162693
763000.0 29925.44090771675 1.5 1.9621416870348585 2.5 1.9621416870348585
764000.0 29959.37428212166 1.5 2.247220505424423 2.5 2.247220505424423
765000.0 29992.877152442932 1.2 1.5362291495737217 2.2 1.5362291495737217
766000.0 30026.536068439484 0.4 1.3564659966250538 1.4 1.3564659966250538
767000.0 30060.00908970833 0.8 1.4696938456699071 1.8 1.4696938456699071
768000.0 30093.61586546898 2.1 2.3000000000000003 3.1 2.3000000000000003
769000.0 30127.562777996063 1.7 1.676305461424021 2.7 1.676305461424021
770000.0 30162.446967363358 1.6 1.6248076809271923 2.6 1.6248076809271923
771000.0 30200.153838157654 1.3 1.268857754044952 2.3 1.268857754044952
772000.0 30237.442983150482 1.0 1.8973665961010275 2.0 1.8973665961010275
773000.0 30276.276801347733 1.6 1.9078784028338913 2.6 1.9078784028338913
774000.0 30315.74376630783 2.1 2.0223748416156684 3.1 2.0223748416156684
775000.0 30352.469484567642 1.3 1.7349351572897471 2.3 1.7349351572897473
776000.0 30391.013844013214 2.2 2.4413111231467406 3.2 2.4413111231467406
777000.0 30430.975321769714 1.6 1.8547236990991407 2.6 1.8547236990991407
778000.0 30469.54351902008 2.3 1.9 3.3 1.9
779000.0 30509.255895614624 1.7 1.9519221295943134 2.7 1.9519221295943134
780000.0 30545.966464042664 2.0 1.3416407864998738 3.0 1.3416407864998738
781000.0 30584.522159814835 1.1 2.6248809496813377 2.1 2.6248809496813377
782000.0 30622.63663315773 2.6 2.009975124224178 3.6 2.009975124224178
783000.0 30660.180335521698 2.2 2.227105745132009 3.2 2.227105745132009
784000.0 30699.291351556778 2.5 1.91049731745428 3.5 1.91049731745428
785000.0 30738.318200588226 1.5 1.857417562100671 2.5 1.857417562100671
786000.0 30777.80484008789 2.5 2.7294688127912363 3.5 2.7294688127912363
787000.0 30816.82715368271 2.2 2.08806130178211 3.2 2.08806130178211
788000.0 30861.953707695007 1.2 1.469693845669907 2.2 1.469693845669907
789000.0 30907.42360830307 2.3 2.5317977802344322 3.3 2.5317977802344322
790000.0 30950.789017915726 2.4 1.624807680927192 3.4 1.624807680927192
791000.0 30989.885387420654 2.3 2.794637722496424 3.3 2.794637722496424
792000.0 31028.201265335083 1.9 1.9723082923316022 2.9 1.9723082923316022
793000.0 31065.10128378868 1.1 1.9209372712298545 2.1 1.9209372712298545
794000.0 31100.916744709015 1.3 2.147091055358389 2.3 2.147091055358389
795000.0 31135.290707349777 1.2 1.4000000000000001 2.2 1.4
796000.0 31173.378042936325 1.7 1.6155494421403511 2.7 1.6155494421403513
797000.0 31210.81666994095 1.4 1.42828568570857 2.4 1.42828568570857
798000.0 31246.218724250793 2.9 2.6248809496813372 3.9 2.6248809496813372
799000.0 31280.89148926735 1.4 1.8547236990991407 2.4 1.8547236990991407
800000.0 31315.223883390427 2.7 3.1320919526731648 3.7 3.1320919526731648
801000.0 31350.203357458115 0.8 1.32664991614216 1.8 1.32664991614216
802000.0 31388.05840563774 1.3 2.3685438564654024 2.3 2.3685438564654024
803000.0 31426.929553747177 2.2 1.7204650534085253 3.2 1.7204650534085253
804000.0 31464.060314416885 2.6 2.2 3.6 2.2
805000.0 31507.553369522095 1.4 1.562049935181331 2.4 1.562049935181331
806000.0 31549.810492753983 2.2 2.08806130178211 3.2 2.08806130178211
807000.0 31594.606855154037 1.1 2.2561028345356955 2.1 2.2561028345356955
808000.0 31645.771947860718 1.9 2.071231517720798 2.9 2.071231517720798
809000.0 31689.220032453537 1.4 2.1540659228538015 2.4 2.1540659228538015
810000.0 31728.640197992325 0.6 1.1135528725660042 1.6 1.1135528725660044
811000.0 31768.093656539917 1.8 2.1354156504062622 2.8 2.1354156504062622
812000.0 31807.283150672913 1.1 1.6401219466856725 2.1 1.6401219466856725
813000.0 31846.72727036476 1.9 2.4269322199023193 2.9 2.4269322199023193
814000.0 31886.693766117096 1.2 1.6 2.2 1.5999999999999999
815000.0 31927.952756881714 2.8 3.6 3.8 3.6
816000.0 31969.543722629547 1.9 2.118962010041709 2.9 2.118962010041709
817000.0 32010.473064422607 1.5 2.1095023109728985 2.5 2.1095023109728985
818000.0 32049.47205543518 2.1 1.2206555615733703 3.1 1.2206555615733703
819000.0 32087.75461268425 2.3 1.7349351572897473 3.3 1.7349351572897473
820000.0 32127.79443359375 3.0 2.280350850198276 4.0 2.280350850198276
821000.0 32169.29935979843 1.3 1.4177446878757827 2.3 1.4177446878757827
822000.0 32208.899421691895 1.7 1.676305461424021 2.7 1.676305461424021
823000.0 32246.85493683815 1.4 1.8547236990991407 2.4 1.8547236990991407
824000.0 32285.760328769684 1.8 1.4 2.8 1.4000000000000001
825000.0 32324.96626496315 1.9 2.467792535850613 2.9 2.467792535850613
826000.0 32362.339298963547 2.4 1.9078784028338913 3.4 1.9078784028338913
827000.0 32400.667249441147 3.0 2.792848008753788 4.0 2.792848008753788
828000.0 32439.695050239563 2.6 2.4576411454889016 3.6 2.4576411454889016
829000.0 32481.390657424927 1.1 1.374772708486752 2.1 1.374772708486752
830000.0 32526.61260318756 2.1 1.9723082923316022 3.1 1.9723082923316022
831000.0 32566.942680597305 1.2 1.469693845669907 2.2 1.4696938456699067
832000.0 32605.184525728226 1.6 1.9078784028338915 2.6 1.9078784028338915
833000.0 32641.794819831848 1.3 2.193171219946131 2.3 2.193171219946131
834000.0 32681.175845861435 2.2 2.6381811916545836 3.2 2.6381811916545836
835000.0 32720.630790233612 1.8 1.9390719429665317 2.8 1.9390719429665317
836000.0 32758.83053445816 2.2 1.9390719429665317 3.2 1.9390719429665317
837000.0 32796.36266684532 0.7 1.4866068747318506 1.7 1.4866068747318506
838000.0 32833.61821889877 1.2 2.4413111231467406 2.2 2.4413111231467406
839000.0 32873.82463121414 2.7 3.6345563690772495 3.7 3.6345563690772495
840000.0 32909.08962106705 1.8 2.1354156504062622 2.8 2.1354156504062622
841000.0 32944.954459905624 1.5 1.5652475842498528 2.5 1.5652475842498528
842000.0 32982.93864941597 1.2 1.8867962264113207 2.2 1.8867962264113207
843000.0 33021.778151512146 1.4 2.4979991993593593 2.4 2.4979991993593593
844000.0 33059.4152777195 1.4 1.9078784028338913 2.4 1.9078784028338913
845000.0 33097.99732923508 2.2 2.181742422927143 3.2 2.181742422927143
846000.0 33135.86627078056 0.7 1.8466185312619385 1.7 1.8466185312619385
847000.0 33174.811270952225 1.2 2.3151673805580453 2.2 2.3151673805580453
848000.0 33213.96602392197 1.0 1.1832159566199232 2.0 1.1832159566199232
849000.0 33252.98133587837 2.5 2.9748949561287032 3.5 2.9748949561287032
850000.0 33290.61636924744 2.3 3.034798181098704 3.3 3.034798181098704
851000.0 33328.483491659164 1.3 2.758622844826744 2.3 2.758622844826744
852000.0 33370.00477385521 1.4 1.9595917942265424 2.4 1.9595917942265424
853000.0 33411.216546058655 3.0 3.1304951684997055 4.0 3.1304951684997055
854000.0 33452.152002334595 2.4 2.244994432064365 3.4 2.244994432064365
855000.0 33490.670070409775 1.9 2.071231517720798 2.9 2.071231517720798
856000.0 33532.10114693642 1.9 2.2561028345356955 2.9 2.2561028345356955
857000.0 33570.498416900635 0.7 1.5524174696260022 1.7 1.5524174696260022
858000.0 33610.53966188431 1.9 2.3 2.9 2.3
859000.0 33650.50626754761 0.9 1.2206555615733703 1.9 1.2206555615733703
860000.0 33695.60995578766 2.7 2.41039415863879 3.7 2.41039415863879
861000.0 33733.37880015373 1.0 1.4832396974191326 2.0 1.4832396974191326
862000.0 33771.3559718132 3.3 3.195309061734091 4.3 3.195309061734091
863000.0 33808.447889328 2.0 2.4083189157584592 3.0 2.4083189157584592
864000.0 33845.85307788849 1.2 1.7204650534085253 2.2 1.7204650534085253
865000.0 33883.07613778114 1.2 1.9390719429665317 2.2 1.9390719429665317
866000.0 33919.78920507431 1.7 1.2688577540449522 2.7 1.2688577540449522
867000.0 33956.54429888725 1.9 2.3430749027719964 2.9 2.3430749027719964
868000.0 33995.55053329468 1.8 1.8330302779823362 2.8 1.8330302779823362
869000.0 34034.76427197456 1.9 1.7 2.9 1.7
870000.0 34073.1732301712 2.5 2.0124611797498106 3.5 2.0124611797498106
871000.0 34111.363139390945 2.5 2.7658633371878665 3.5 2.7658633371878665
872000.0 34153.79309844971 3.0 1.8439088914585775 4.0 1.8439088914585775
873000.0 34192.68117761612 0.2 1.4 1.2 1.4
874000.0 34229.75924539566 0.4 1.3564659966250538 1.4 1.3564659966250538
875000.0 34267.497648477554 1.5 1.746424919657298 2.5 1.746424919657298
876000.0 34305.268037080765 2.3 2.0024984394500787 3.3 2.0024984394500787
877000.0 34343.35792183876 2.0 2.4899799195977463 3.0 2.4899799195977463
878000.0 34383.36902952194 1.3 2.3259406699226015 2.3 2.3259406699226015
879000.0 34420.97041797638 2.0 2.4899799195977463 3.0 2.4899799195977463
880000.0 34462.39058160782 2.6 1.562049935181331 3.6 1.562049935181331
881000.0 34500.60199832916 1.5 1.2041594578792296 2.5 1.2041594578792296
882000.0 34539.289177656174 1.5 1.284523257866513 2.5 1.284523257866513
883000.0 34586.532631635666 1.2 2.2715633383201093 2.2 2.2715633383201093
884000.0 34636.12479829788 1.1 2.022374841615669 2.1 2.022374841615669
885000.0 34679.961353302 0.4 1.7435595774162693 1.4 1.7435595774162693
886000.0 34726.38602018356 1.1 1.7 2.1 1.7
887000.0 34775.7756357193 1.7 2.4515301344262523 2.7 2.451530134426253
888000.0 34823.68945789337 1.2 1.2489995996796797 2.2 1.2489995996796797
889000.0 34870.89321351051 2.1 2.507987240796891 3.1 2.507987240796891
890000.0 34918.242166519165 1.1 2.118962010041709 2.1 2.118962010041709
891000.0 34967.152287721634 0.8 1.8867962264113207 1.8 1.8867962264113207
892000.0 35015.15758919716 1.2 1.7776388834631178 2.2 1.7776388834631176
893000.0 35064.313705682755 2.4 2.3748684174075834 3.4 2.3748684174075834
894000.0 35112.484087228775 0.2 1.469693845669907 1.2 1.469693845669907
895000.0 35162.007937431335 1.9 1.445683229480096 2.9 1.445683229480096
896000.0 35215.649827480316 2.1 1.9723082923316022 3.1 1.9723082923316022
897000.0 35264.60436677933 1.2 1.8867962264113207 2.2 1.8867962264113207
898000.0 35314.156913757324 2.2 2.3151673805580453 3.2 2.3151673805580453
899000.0 35362.57975816727 2.0 1.6733200530681511 3.0 1.6733200530681511
900000.0 35411.393617630005 1.1 1.7 2.1 1.7
901000.0 35462.7954390049 2.4 2.0591260281974 3.4 2.0591260281974
902000.0 35514.9016225338 2.3 2.238302928559939 3.3 2.238302928559939
903000.0 35564.80549621582 0.8 1.469693845669907 1.8 1.469693845669907
904000.0 35611.0043361187 1.4 2.2 2.4 2.2
905000.0 35660.21171975136 1.6 1.42828568570857 2.6 1.42828568570857
906000.0 35706.252044439316 1.4 2.65329983228432 2.4 2.65329983228432
907000.0 35738.64704966545 1.9 1.9723082923316022 2.9 1.9723082923316022
908000.0 35773.311957120895 0.4 1.5620499351813308 1.4 1.5620499351813308
909000.0 35809.08697795868 2.7 2.6476404589747453 3.7 2.6476404589747453
910000.0 35854.19505929947 0.9 1.2206555615733703 1.9 1.2206555615733703
911000.0 35895.3748216629 1.2 1.469693845669907 2.2 1.4696938456699067
912000.0 35932.58677124977 2.1 2.118962010041709 3.1 2.118962010041709
913000.0 35973.67315196991 2.6 1.9078784028338913 3.6 1.9078784028338913
914000.0 36010.717707157135 1.3 2.3685438564654024 2.3 2.3685438564654024
915000.0 36047.49679994583 1.7 2.4515301344262523 2.7 2.451530134426253
916000.0 36084.587587594986 4.0 3.7682887362833544 5.0 3.7682887362833544
917000.0 36121.43053269386 0.7 1.4866068747318506 1.7 1.4866068747318506
918000.0 36158.86949133873 1.2 2.521904042583698 2.2 2.521904042583698
919000.0 36197.810705423355 1.2 1.4000000000000001 2.2 1.4000000000000001
920000.0 36237.96623444557 1.9 1.7578395831246947 2.9 1.7578395831246947
921000.0 36276.94555640221 1.4 1.0198039027185568 2.4 1.0198039027185568
922000.0 36314.17031645775 2.2 3.124099870362662 3.2 3.124099870362662
923000.0 36351.122044324875 1.2 2.3151673805580453 2.2 2.3151673805580453
924000.0 36389.84928536415 2.2 2.4000000000000004 3.2 2.4000000000000004
925000.0 36428.57784509659 1.0 2.0 2.0 2.0
926000.0 36465.311886787415 1.6 1.9078784028338913 2.6 1.9078784028338913
927000.0 36502.77417182922 1.8 2.1354156504062622 2.8 2.1354156504062622
928000.0 36540.38708949089 2.1 2.2561028345356955 3.1 2.2561028345356955
929000.0 36577.6480076313 3.4 2.90516780926679 4.4 2.90516780926679
930000.0 36617.01390957832 1.3 2.238302928559939 2.3 2.238302928559939
931000.0 36655.180992126465 2.7 2.1 3.7 2.1
932000.0 36693.20597600937 1.6 1.624807680927192 2.6 1.624807680927192
933000.0 36731.29078245163 2.1 2.8442925306655784 3.1 2.8442925306655784
934000.0 36770.66410636902 3.5 2.3769728648009427 4.5 2.3769728648009427
935000.0 36809.26957678795 1.4 2.244994432064365 2.4 2.244994432064365
936000.0 36847.506148815155 2.5 2.5 3.5 2.5
937000.0 36887.332575559616 1.3 1.5524174696260025 2.3 1.5524174696260025
938000.0 36925.62159872055 0.6 2.1071307505705477 1.6 2.1071307505705477
939000.0 36964.77701973915 0.8 1.2489995996796797 1.8 1.2489995996796797
940000.0 37004.46823787689 1.2 1.2489995996796797 2.2 1.2489995996796797
941000.0 37044.19798755646 2.2 2.181742422927143 3.2 2.181742422927143
942000.0 37085.34243321419 1.4 2.4979991993593593 2.4 2.4979991993593593
943000.0 37122.36139845848 1.5 2.3769728648009427 2.5 2.3769728648009427
944000.0 37162.626384973526 0.4 0.9165151389911681 1.4 0.9165151389911681
945000.0 37203.07920598984 1.3 2.238302928559939 2.3 2.238302928559939
946000.0 37241.46818971634 1.8 2.039607805437114 2.8 2.039607805437114
947000.0 37284.617080926895 1.8 1.7776388834631178 2.8 1.7776388834631178
948000.0 37320.8690302372 2.0 1.8439088914585775 3.0 1.8439088914585775
949000.0 37354.65430307388 -0.2 0.8717797887081348 0.8 0.8717797887081348
950000.0 37388.4769513607 1.1 1.6401219466856727 2.1 1.6401219466856727
951000.0 37426.13915538788 2.1 2.4269322199023198 3.1 2.4269322199023198
952000.0 37463.86088204384 1.6 1.9595917942265426 2.6 1.9595917942265426
953000.0 37500.349788188934 2.3 2.1 3.3 2.1
954000.0 37538.253893852234 1.8 3.0594117081556713 2.8 3.0594117081556713
955000.0 37576.627809524536 1.5 2.0615528128088303 2.5 2.0615528128088303
956000.0 37614.052679777145 2.6 2.870540018881465 3.6 2.870540018881465
957000.0 37650.24760770798 0.5 1.3601470508735443 1.5 1.3601470508735443
958000.0 37687.10459280014 0.4 1.5620499351813308 1.4 1.5620499351813308
959000.0 37723.744550704956 1.7 2.0518284528683193 2.7 2.0518284528683193
960000.0 37762.493530750275 2.1 1.57797338380595 3.1 1.57797338380595
961000.0 37798.66070699692 1.0 1.5491933384829668 2.0 1.5491933384829668
962000.0 37834.08135056496 0.7 1.4177446878757824 1.7 1.4177446878757824
963000.0 37868.182233810425 0.7 1.9519221295943134 1.7 1.9519221295943134
964000.0 37902.85529446602 1.3 1.7349351572897473 2.3 1.7349351572897471
965000.0 37937.88131189346 2.3 1.7916472867168918 3.3 1.7916472867168918
966000.0 37974.982259988785 2.2 2.891366458960192 3.2 2.891366458960192
967000.0 38010.963430166245 2.1 1.7578395831246947 3.1 1.7578395831246947
968000.0 38045.86159539223 1.1 1.57797338380595 2.1 1.57797338380595
969000.0 38080.83581113815 1.6 1.6852299546352718 2.6 1.6852299546352718
970000.0 38114.975081682205 0.1 1.2206555615733703 1.1 1.2206555615733703
971000.0 38148.7223238945 1.0 2.280350850198276 2.0 2.280350850198276
972000.0 38184.10198402405 1.1 1.374772708486752 2.1 1.374772708486752
973000.0 38219.30690789223 0.6 1.2 1.6 1.2
974000.0 38255.82255578041 0.6 1.8547236990991407 1.6 1.8547236990991407
975000.0 38294.14794421196 1.7 2.238302928559939 2.7 2.238302928559939
976000.0 38332.80146455765 2.5 2.5787593916455256 3.5 2.5787593916455256
977000.0 38369.66677188873 2.4 1.9595917942265424 3.4 1.9595917942265424
978000.0 38404.36691594124 0.8 1.2489995996796797 1.8 1.2489995996796797
979000.0 38441.68052983284 3.0 2.0 4.0 2.0
980000.0 38480.841596364975 0.6 1.42828568570857 1.6 1.42828568570857
981000.0 38516.50448989868 1.0 1.7888543819998317 2.0 1.7888543819998317
982000.0 38552.00545620918 1.1 2.507987240796891 2.1 2.507987240796891
983000.0 38594.33615374565 3.9 2.071231517720798 4.9 2.071231517720798
984000.0 38635.53550887108 0.7 1.268857754044952 1.7 1.268857754044952
985000.0 38675.46977233887 2.6 2.6153393661244038 3.6 2.6153393661244038
986000.0 38718.56356239319 1.9 1.374772708486752 2.9 1.374772708486752
987000.0 38757.824217796326 0.7 1.9519221295943134 1.7 1.9519221295943134
988000.0 38796.43410491943 1.2 1.8330302779823362 2.2 1.8330302779823362
989000.0 38834.871514081955 0.9 1.445683229480096 1.9 1.445683229480096
990000.0 38873.39467358589 1.7 2.7586228448267445 2.7 2.7586228448267445
991000.0 38911.36241149902 2.5 2.4596747752497685 3.5 2.4596747752497685
992000.0 38950.63754272461 3.0 3.4351128074635335 4.0 3.4351128074635335
993000.0 38988.53524899483 0.7 2.147091055358389 1.7 2.147091055358389
994000.0 39027.51029253006 2.5 2.6172504656604803 3.5 2.6172504656604803
995000.0 39065.901195049286 1.5 2.0124611797498106 2.5 2.0124611797498106
996000.0 39104.249633312225 1.7 2.6476404589747453 2.7 2.6476404589747453
997000.0 39142.36550998688 1.2 1.469693845669907 2.2 1.469693845669907
998000.0 39180.5231449604 0.6 1.4966629547095767 1.6 1.4966629547095767
999000.0 39219.51514697075 2.4 2.8000000000000003 3.4 2.8000000000000003
