1000.0 1610983264.4148815 -0.44 0.6974238309665078 0.56 0.6974238309665077
2000.0 1610983274.6690092 0.84 2.2747307532980687 1.84 2.2747307532980687
3000.0 1610983285.728287 2.52 2.815954545087687 3.52 2.815954545087687
4000.0 1610983297.3878064 2.84 2.5873538606073967 3.84 2.5873538606073967
5000.0 1610983308.976984 3.06 2.8594405047141653 4.06 2.8594405047141653
6000.0 1610983321.8970635 3.96 3.4523035787717165 4.96 3.4523035787717165
7000.0 1610983333.4557235 3.22 3.145091413615827 4.22 3.145091413615827
8000.0 1610983347.3254325 4.5 3.817066936798463 5.5 3.817066936798463
9000.0 1610983360.6158705 5.5 4.0853396431631 6.5 4.0853396431631
10000.0 1610983371.930227 5.2 4.534313619501853 6.2 4.534313619501853
11000.0 1610983382.0905254 2.92 3.393169609671759 3.92 3.393169609671759
12000.0 1610983393.4632416 3.82 3.713165765219754 4.82 3.713165765219754
13000.0 1610983404.3621898 3.86 3.510042734782584 4.86 3.510042734782584
14000.0 1610983416.625217 3.28 3.510213668710211 4.28 3.510213668710211
15000.0 1610983428.3493223 4.16 3.396233207540377 5.16 3.396233207540377
16000.0 1610983440.1046634 4.94 3.849207710685408 5.94 3.849207710685408
17000.0 1610983452.9465032 4.82 4.008441093492581 5.82 4.008441093492581
18000.0 1610983464.415677 6.18 4.954553461211212 7.18 4.954553461211212
19000.0 1610983475.6711423 6.64 4.082940117121485 7.64 4.082940117121485
20000.0 1610983487.9320357 5.78 3.986426971612549 6.78 3.986426971612549
21000.0 1610983499.6717777 5.32 4.32407215480963 6.32 4.32407215480963
22000.0 1610983511.8876104 5.14 3.919234619157164 6.14 3.919234619157164
23000.0 1610983523.3184242 5.28 3.693453668316417 6.28 3.693453668316417
24000.0 1610983534.8886783 4.78 3.2267011017446285 5.78 3.2267011017446285
25000.0 1610983546.536025 4.58 4.162162899262834 5.58 4.162162899262834
26000.0 1610983557.7273717 5.2 3.9899874686520005 6.2 3.9899874686520005
27000.0 1610983570.2362275 6.12 4.425562111189945 7.12 4.425562111189945
28000.0 1610983582.4523351 5.22 4.670289070282481 6.22 4.670289070282481
29000.0 1610983594.8391447 5.02 4.347367019242797 6.02 4.347367019242797
30000.0 1610983605.9309754 5.02 4.305763579204042 6.02 4.305763579204042
31000.0 1610983616.8053908 4.86 4.454256391363209 5.86 4.454256391363209
32000.0 1610983628.1444926 4.76 3.875874094962322 5.76 3.875874094962322
33000.0 1610983640.2800145 5.36 4.564033303997682 6.36 4.564033303997682
34000.0 1610983652.1197083 5.68 4.1155315574054345 6.68 4.1155315574054345
35000.0 1610983665.2295504 6.38 4.435718656542591 7.38 4.435718656542591
36000.0 1610983677.764434 5.24 4.292132337195581 6.24 4.292132337195581
37000.0 1610983690.4201653 5.62 3.9592423517637814 6.62 3.9592423517637814
38000.0 1610983701.7184422 5.14 4.673371374072469 6.14 4.673371374072469
39000.0 1610983714.532555 6.52 4.526543935498693 7.52 4.526543935498693
40000.0 1610983726.4095483 6.16 4.095656235574466 7.16 4.095656235574466
41000.0 1610983738.4941533 6.6 4.494441010848846 7.6 4.494441010848846
42000.0 1610983750.1772912 5.58 4.503731785974827 6.58 4.503731785974827
43000.0 1610983762.1950994 5.66 4.67165923414797 6.66 4.67165923414797
44000.0 1610983775.045957 6.2 4.454211490264018 7.2 4.454211490264018
45000.0 1610983786.0426528 6.14 4.63469524348689 7.14 4.63469524348689
46000.0 1610983798.8081472 5.82 4.140966070858345 6.82 4.140966070858345
47000.0 1610983810.2916217 5.4 3.8157568056677826 6.4 3.8157568056677826
48000.0 1610983822.6006937 5.9 3.945883931389772 6.9 3.945883931389772
49000.0 1610983833.8253195 5.12 4.398363331967927 6.12 4.398363331967927
50000.0 1610983845.8155081 4.9 4.262628297189423 5.9 4.262628297189423
51000.0 1610983857.5794482 6.56 4.44144120753613 7.56 4.44144120753613
52000.0 1610983869.3325808 5.34 4.057634779030759 6.34 4.057634779030759
53000.0 1610983881.0241866 5.98 3.86 6.98 3.86
54000.0 1610983893.241604 6.66 4.310962769498247 7.66 4.310962769498247
55000.0 1610983904.5285892 4.26 3.9436531287627212 5.26 3.9436531287627212
56000.0 1610983915.9613662 5.68 4.571389285545479 6.68 4.571389285545479
57000.0 1610983927.8596256 6.52 4.031079259950119 7.52 4.031079259950119
58000.0 1610983939.9785662 5.52 4.391992714019457 6.52 4.391992714019457
59000.0 1610983951.5188677 6.58 4.441125983351519 7.58 4.441125983351519
60000.0 1610983962.8679936 4.96 3.954541692788179 5.96 3.954541692788179
61000.0 1610983974.340063 6.08 4.489276110911423 7.08 4.489276110911423
62000.0 1610983985.4338903 5.04 2.9254743205162477 6.04 2.9254743205162477
63000.0 1610983997.453349 5.7 4.2485291572496005 6.7 4.2485291572496005
64000.0 1610984009.1989 5.96 4.204568943423332 6.96 4.204568943423332
65000.0 1610984021.2511208 5.22 3.378105978207315 6.22 3.378105978207315
66000.0 1610984034.1318216 6.02 3.844424534309394 7.02 3.844424534309394
67000.0 1610984047.2071464 5.5 3.976179070414209 6.5 3.976179070414209
68000.0 1610984059.1643372 5.56 4.205520181856223 6.56 4.205520181856223
69000.0 1610984070.9997683 4.34 3.592269477642233 5.34 3.592269477642233
70000.0 1610984083.0281608 5.86 4.732906084003781 6.86 4.732906084003781
71000.0 1610984096.536423 6.96 4.422487987547281 7.96 4.422487987547281
72000.0 1610984110.337848 6.14 4.308178269292022 7.14 4.308178269292022
73000.0 1610984122.4795697 6.84 4.662016730986709 7.84 4.662016730986709
74000.0 1610984133.4826844 5.32 3.9163248077757804 6.32 3.9163248077757804
75000.0 1610984145.111235 6.4 3.504283093587046 7.4 3.504283093587046
76000.0 1610984157.6583834 5.38 3.6270649291127945 6.38 3.6270649291127945
77000.0 1610984171.2877877 5.02 3.770888489467701 6.02 3.770888489467701
78000.0 1610984186.1060145 5.24 4.17880365655052 6.24 4.17880365655052
79000.0 1610984199.0609653 5.06 4.129939466868733 6.06 4.129939466868733
80000.0 1610984212.3040283 5.42 4.142897536748888 6.42 4.142897536748888
81000.0 1610984226.2234657 5.94 3.6022770576400696 6.94 3.6022770576400696
82000.0 1610984238.851109 6.5 4.468780594300866 7.5 4.468780594300866
83000.0 1610984250.2702167 5.08 4.6554913811540874 6.08 4.6554913811540874
84000.0 1610984263.294524 4.64 3.7776182972873267 5.64 3.7776182972873267
85000.0 1610984275.6395204 6.82 4.723092207442069 7.82 4.723092207442069
86000.0 1610984287.7100568 6.12 4.84 7.12 4.84
87000.0 1610984300.3262024 6.42 5.052088676973119 7.42 5.052088676973119
88000.0 1610984313.5690796 5.32 3.9009742372899616 6.32 3.9009742372899616
89000.0 1610984325.6299334 5.76 4.580654975000846 6.76 4.580654975000846
90000.0 1610984338.0642903 5.2 4.3220365569948616 6.2 4.3220365569948616
91000.0 1610984350.9126353 6.3 4.332435804486894 7.3 4.332435804486894
92000.0 1610984365.0956528 6.68 4.202094715734047 7.68 4.202094715734047
93000.0 1610984378.5881696 6.1 4.090232267243512 7.1 4.090232267243512
94000.0 1610984391.2279232 6.14 4.176170494603878 7.14 4.176170494603878
95000.0 1610984403.3748763 5.28 4.01018702805742 6.28 4.01018702805742
96000.0 1610984415.2947745 4.66 4.301674092722506 5.66 4.301674092722506
97000.0 1610984428.180538 7.1 4.323193264243457 8.1 4.323193264243457
98000.0 1610984440.662734 6.62 4.894445831756645 7.62 4.894445831756645
99000.0 1610984453.1880622 4.86 4.147336494667391 5.86 4.147336494667391
100000.0 1610984465.3557897 5.7 4.350861983561418 6.7 4.350861983561418
101000.0 1610984477.654177 6.74 4.642456246428178 7.74 4.642456246428178
102000.0 1610984489.0108507 5.92 3.8876213807417 6.92 3.8876213807417
103000.0 1610984500.11583 5.42 4.7711214614595585 6.42 4.7711214614595585
104000.0 1610984511.8310351 5.4 4.363484845854286 6.4 4.363484845854286
105000.0 1610984524.085953 6.06 4.091014544095389 7.06 4.091014544095389
106000.0 1610984537.2120674 6.58 4.565479164337518 7.58 4.565479164337518
107000.0 1610984550.2529764 6.88 4.628779536767764 7.88 4.628779536767764
108000.0 1610984562.8304973 5.74 3.5259608619495477 6.74 3.5259608619495477
109000.0 1610984575.1122952 6.0 4.17612260356422 7.0 4.17612260356422
110000.0 1610984588.0723596 6.12 4.101901997854166 7.12 4.101901997854166
111000.0 1610984601.3709404 6.86 4.024972049592394 7.86 4.024972049592394
112000.0 1610984613.3121617 5.94 4.31003480264371 6.94 4.31003480264371
113000.0 1610984626.1683218 6.34 4.510476693211039 7.34 4.510476693211039
114000.0 1610984638.6793776 5.96 4.870154001671815 6.96 4.870154001671815
115000.0 1610984650.885248 5.5 4.104875150354759 6.5 4.104875150354759
116000.0 1610984664.8619678 6.02 3.839218670510968 7.02 3.839218670510968
117000.0 1610984678.8022232 5.46 4.02596572265587 6.46 4.02596572265587
118000.0 1610984691.8252282 7.42 4.195664428907536 8.42 4.195664428907536
119000.0 1610984705.0113351 7.42 4.783680591343866 8.42 4.783680591343866
120000.0 1610984717.2954752 7.26 4.761554368060917 8.26 4.761554368060917
121000.0 1610984729.1193087 6.86 4.242687827309476 7.86 4.242687827309476
122000.0 1610984742.4084082 6.12 4.203046514137096 7.12 4.203046514137096
123000.0 1610984755.2878094 5.9 3.5791060336346563 6.9 3.5791060336346563
124000.0 1610984767.0724864 5.36 4.293064173757481 6.36 4.293064173757481
125000.0 1610984780.3191705 5.96 4.195044695828639 6.96 4.195044695828639
126000.0 1610984794.8646047 6.08 3.676084873884171 7.08 3.676084873884171
127000.0 1610984807.6144347 5.38 4.449224651554471 6.38 4.449224651554471
128000.0 1610984820.1712792 6.68 4.640861988898183 7.68 4.640861988898183
129000.0 1610984832.8218908 6.56 4.635342490043212 7.56 4.635342490043212
130000.0 1610984845.3156288 7.04 4.395270185096702 8.04 4.395270185096702
131000.0 1610984858.1122365 6.32 4.606256614649253 7.32 4.606256614649253
132000.0 1610984869.5882428 5.2 4.180908992073374 6.2 4.180908992073374
133000.0 1610984880.9444158 5.92 5.153018532860133 6.92 5.153018532860133
134000.0 1610984893.0653663 7.32 4.734722800756133 8.32 4.734722800756133
135000.0 1610984906.492699 6.46 3.1887928750547596 7.46 3.1887928750547596
136000.0 1610984919.341569 6.1 4.006245124802026 7.1 4.006245124802026
137000.0 1610984931.9609923 6.16 3.807151165898197 7.16 3.807151165898197
138000.0 1610984944.21244 5.42 4.582968470325755 6.42 4.582968470325755
139000.0 1610984956.264894 5.42 4.808700448146047 6.42 4.808700448146047
140000.0 1610984969.628607 7.08 4.05383768791993 8.08 4.05383768791993
141000.0 1610984983.9766524 6.6 5.192301994298869 7.6 5.192301994298869
142000.0 1610984997.0010638 6.92 3.8618130457079354 7.92 3.8618130457079354
143000.0 1610985010.6727288 5.86 4.467706346661562 6.86 4.467706346661562
144000.0 1610985024.013413 6.36 4.097609058951329 7.36 4.097609058951329
145000.0 1610985037.0955963 7.1 3.8118237105091834 8.1 3.8118237105091834
146000.0 1610985050.0653362 5.42 3.842343035180487 6.42 3.842343035180487
147000.0 1610985061.9698093 7.06 4.818339963099325 8.06 4.818339963099325
148000.0 1610985074.2325723 6.98 4.230791888051219 7.98 4.230791888051219
149000.0 1610985087.154827 5.16 3.8645051429646204 6.16 3.8645051429646204
150000.0 1610985099.8461769 7.18 4.714615572875481 8.18 4.714615572875481
151000.0 1610985112.0846722 6.5 4.114608122288197 7.5 4.114608122288197
152000.0 1610985124.8260007 6.76 4.14998795178974 7.76 4.14998795178974
153000.0 1610985137.1806343 4.82 3.5025133832720754 5.82 3.5025133832720754
154000.0 1610985150.1634004 6.36 4.475533487753164 7.36 4.475533487753164
155000.0 1610985162.006984 6.94 4.700680801756273 7.94 4.700680801756273
156000.0 1610985172.9921267 6.02 4.683972672849404 7.02 4.683972672849404
157000.0 1610985184.1135588 6.08 4.288776049177668 7.08 4.288776049177668
158000.0 1610985195.288225 4.66 3.728860415730254 5.66 3.728860415730254
159000.0 1610985206.408011 6.34 4.572132981443125 7.34 4.572132981443125
160000.0 1610985217.9642036 5.54 4.248340852615289 6.54 4.248340852615289
161000.0 1610985232.7382214 5.36 3.691937160895348 6.36 3.691937160895348
162000.0 1610985246.4660513 6.36 3.9737136283330736 7.36 3.9737136283330736
163000.0 1610985259.266099 6.84 4.7889873668657765 7.84 4.7889873668657765
164000.0 1610985271.4532263 6.34 3.901845717093386 7.34 3.901845717093386
165000.0 1610985283.2558627 6.44 4.299581374971289 7.44 4.299581374971289
166000.0 1610985295.146054 6.24 4.14998795178974 7.24 4.14998795178974
167000.0 1610985307.0323286 6.1 4.201190307520001 7.1 4.201190307520001
168000.0 1610985319.416364 6.06 4.696424171643784 7.06 4.696424171643784
169000.0 1610985331.1526234 7.94 4.640732700770429 8.94 4.640732700770429
170000.0 1610985342.6188877 6.66 4.7269863549623246 7.66 4.7269863549623246
171000.0 1610985354.334835 5.38 4.462689771875254 6.38 4.462689771875254
172000.0 1610985366.1906476 6.3 3.9962482405376174 7.3 3.9962482405376174
173000.0 1610985379.5933533 7.32 4.3929033679333305 8.32 4.3929033679333305
174000.0 1610985391.6043048 5.94 3.449115828730604 6.94 3.449115828730604
175000.0 1610985403.4155154 6.32 4.296230906271217 7.32 4.296230906271217
176000.0 1610985415.224606 6.26 4.288636146842024 7.26 4.288636146842024
177000.0 1610985426.7029154 5.1 4.196427051671457 6.1 4.196427051671457
178000.0 1610985437.9158428 5.7 4.0311288741492755 6.7 4.0311288741492755
179000.0 1610985449.2653606 5.02 3.4437769962644214 6.02 3.4437769962644214
180000.0 1610985461.5320385 5.62 4.132263302356229 6.62 4.132263302356229
181000.0 1610985473.73963 6.9 4.8425200051213 7.9 4.8425200051213
182000.0 1610985485.0589206 5.2 3.4813790371058424 6.2 3.4813790371058424
183000.0 1610985496.750288 6.78 4.691652161019612 7.78 4.691652161019612
184000.0 1610985508.3286026 6.36 5.094153511624871 7.36 5.094153511624871
185000.0 1610985520.2553718 6.58 4.157354928316802 7.58 4.157354928316802
186000.0 1610985532.4908078 6.8 4.476605857119878 7.8 4.476605857119878
187000.0 1610985544.1257737 6.84 4.095656235574466 7.84 4.095656235574466
188000.0 1610985555.7259014 6.08 4.5159273687693435 7.08 4.5159273687693435
189000.0 1610985567.0025053 5.36 3.861398710312107 6.36 3.861398710312107
190000.0 1610985578.6222403 6.02 4.4832577440963615 7.02 4.4832577440963615
191000.0 1610985590.3202834 6.28 4.132989232988636 7.28 4.132989232988636
192000.0 1610985602.706833 6.42 4.561096359429387 7.42 4.561096359429387
193000.0 1610985614.8379848 6.86 3.666115110031326 7.86 3.666115110031326
194000.0 1610985626.8144932 5.3 4.281354925721529 6.3 4.281354925721529
195000.0 1610985639.0676343 6.76 4.23584702273347 7.76 4.23584702273347
196000.0 1610985651.0161595 5.48 4.24377190715995 6.48 4.24377190715995
197000.0 1610985662.6226933 5.44 4.0504814528645845 6.44 4.0504814528645845
198000.0 1610985674.4877656 6.84 4.309802779710459 7.84 4.309802779710459
199000.0 1610985686.1952574 6.3 4.674398357008098 7.3 4.674398357008098
200000.0 1610985698.197242 6.8 4.37264222181509 7.8 4.37264222181509
201000.0 1610985710.4978955 6.46 4.535239795203777 7.46 4.535239795203777
202000.0 1610985722.1097534 5.86 4.317452952841525 6.86 4.317452952841525
203000.0 1610985734.4728189 6.64 4.697914430893777 7.64 4.697914430893777
204000.0 1610985746.4731832 6.2 3.6000000000000005 7.2 3.6000000000000005
205000.0 1610985757.8091514 6.34 4.13574660732497 7.34 4.13574660732497
206000.0 1610985769.585062 5.14 4.413660612235608 6.14 4.413660612235608
207000.0 1610985781.9598825 7.28 4.436394932825525 8.28 4.436394932825526
208000.0 1610985794.3860369 5.9 3.748332962798263 6.9 3.748332962798263
209000.0 1610985806.1463208 6.64 4.773929199307421 7.64 4.773929199307421
210000.0 1610985818.5092716 4.88 3.9831645710414727 5.88 3.9831645710414727
211000.0 1610985830.4269848 6.16 4.365134591281236 7.16 4.365134591281236
212000.0 1610985841.9187026 8.3 4.464302857109943 9.3 4.464302857109943
213000.0 1610985853.0602725 5.5 4.177319714841085 6.5 4.177319714841085
214000.0 1610985864.2699692 7.56 4.746198478782783 8.56 4.746198478782783
215000.0 1610985875.6090689 6.72 4.547702716757111 7.72 4.547702716757111
216000.0 1610985887.396654 6.34 3.9120838436822902 7.34 3.9120838436822902
217000.0 1610985900.1718092 6.58 4.817011521680222 7.58 4.817011521680222
218000.0 1610985912.3529227 7.8 4.83735464897913 8.8 4.83735464897913
219000.0 1610985923.588897 5.86 3.9038954904044245 6.86 3.9038954904044245
220000.0 1610985935.033034 7.58 5.318232789188529 8.58 5.318232789188529
221000.0 1610985946.1729853 5.86 4.000049999687504 6.86 4.000049999687504
222000.0 1610985957.260295 5.86 3.7363618668432 6.86 3.7363618668432
223000.0 1610985968.518318 7.26 4.926702751333797 8.26 4.926702751333797
224000.0 1610985979.6874828 6.12 4.501732999634696 7.12 4.501732999634696
225000.0 1610985990.8709197 6.16 3.7328809249693466 7.16 3.7328809249693466
226000.0 1610986001.9247456 5.74 3.9940455680925826 6.74 3.9940455680925826
227000.0 1610986013.0190964 5.78 3.8172765160517255 6.78 3.8172765160517255
228000.0 1610986024.0767007 5.92 4.218246081015189 6.92 4.218246081015189
229000.0 1610986034.9250562 5.12 3.8917348316656932 6.12 3.8917348316656932
230000.0 1610986046.2818916 7.26 4.736285464369731 8.26 4.736285464369731
231000.0 1610986057.7766676 6.44 4.3687984618199085 7.44 4.3687984618199085
232000.0 1610986068.6692178 6.56 3.7318092127009925 7.56 3.7318092127009925
233000.0 1610986079.7003586 5.76 3.728592227637664 6.76 3.728592227637664
234000.0 1610986090.9946601 7.22 4.588202262324537 8.22 4.588202262324537
235000.0 1610986101.8864563 5.98 4.25436246692733 6.98 4.25436246692733
236000.0 1610986113.0585897 6.06 4.13961350852951 7.06 4.13961350852951
237000.0 1610986124.2800393 6.22 3.8329623008842653 7.22 3.8329623008842653
238000.0 1610986135.5405571 6.48 4.648612696278321 7.48 4.648612696278321
239000.0 1610986146.8466299 7.5 4.495553358597805 8.5 4.495553358597805
240000.0 1610986158.338658 5.96 4.132602085853415 6.96 4.132602085853415
241000.0 1610986169.4673767 6.04 3.364282984530285 7.04 3.364282984530285
242000.0 1610986180.7217145 7.16 4.234902596282469 8.16 4.234902596282469
243000.0 1610986192.031279 5.3 3.8999999999999995 6.3 3.8999999999999995
244000.0 1610986203.2732043 6.94 4.509589781787252 7.94 4.509589781787252
245000.0 1610986214.3242297 5.0 3.5552777669262356 6.0 3.5552777669262356
246000.0 1610986225.7080424 5.96 4.190274454018495 6.96 4.190274454018495
247000.0 1610986236.9611342 6.04 3.959595938981653 7.04 3.959595938981653
248000.0 1610986248.049347 5.88 3.922448215082004 6.88 3.922448215082004
249000.0 1610986259.3928857 7.26 4.156007699704128 8.26 4.156007699704128
250000.0 1610986270.5866826 6.66 4.357109133358953 7.66 4.357109133358953
251000.0 1610986281.474642 4.74 3.675921653136802 5.74 3.675921653136802
252000.0 1610986292.3838952 6.76 4.645686171062354 7.76 4.645686171062354
253000.0 1610986303.4234507 5.04 4.422487987547282 6.04 4.422487987547282
254000.0 1610986314.3097658 5.2 3.97994974842648 6.2 3.97994974842648
255000.0 1610986325.1803284 5.8 3.54400902933387 6.8 3.54400902933387
256000.0 1610986336.262728 6.78 4.272189134390002 7.78 4.272189134390002
257000.0 1610986347.1389527 4.68 3.9468468427340833 5.68 3.9468468427340833
258000.0 1610986358.0415359 6.1 4.583666654546336 7.1 4.583666654546336
259000.0 1610986369.386095 6.74 3.923314924907252 7.74 3.923314924907252
260000.0 1610986380.637025 6.74 4.02894527140789 7.74 4.02894527140789
261000.0 1610986391.733341 6.92 4.2465986389109105 7.92 4.2465986389109105
262000.0 1610986402.5778673 6.38 4.555831427961311 7.38 4.555831427961311
263000.0 1610986413.7446213 5.54 4.539647563412824 6.54 4.539647563412824
264000.0 1610986424.8786318 6.0 4.485532298401161 7.0 4.485532298401161
265000.0 1610986437.0531573 6.48 4.842478704134898 7.48 4.842478704134898
266000.0 1610986448.3275738 5.76 3.8082016753318095 6.76 3.8082016753318095
267000.0 1610986459.668283 7.4 5.130302135352264 8.4 5.130302135352264
268000.0 1610986470.4706285 5.56 3.9046638779797673 6.56 3.9046638779797673
269000.0 1610986481.5175602 5.22 4.00644480805614 6.22 4.00644480805614
270000.0 1610986492.5850954 5.46 4.055662707869085 6.46 4.055662707869085
271000.0 1610986503.7116363 6.8 4.358898943540674 7.8 4.358898943540674
272000.0 1610986514.4885557 5.98 4.40222670929156 6.98 4.40222670929156
273000.0 1610986525.69141 6.7 4.670117771534247 7.7 4.670117771534247
274000.0 1610986536.84928 7.08 4.376482605929104 8.08 4.376482605929104
275000.0 1610986547.853327 6.92 4.335158589948008 7.92 4.335158589948008
276000.0 1610986559.274764 7.3 4.825971404805461 8.3 4.825971404805461
277000.0 1610986570.403034 6.76 5.089440047785217 7.76 5.089440047785217
278000.0 1610986581.3890357 6.62 4.431207510374571 7.62 4.431207510374571
279000.0 1610986592.447563 6.4 5.1536394906900505 7.4 5.1536394906900505
280000.0 1610986603.4684055 5.5 4.196427051671457 6.5 4.196427051671457
281000.0 1610986614.5075893 6.02 4.496620953560574 7.02 4.496620953560574
282000.0 1610986625.7325454 6.44 4.0207461994013 7.44 4.0207461994013
283000.0 1610986636.99944 6.18 4.412210330435302 7.18 4.412210330435302
284000.0 1610986648.301008 7.02 5.236372790396039 8.02 5.236372790396039
285000.0 1610986659.2235754 6.22 4.924591353604885 7.22 4.924591353604885
286000.0 1610986670.3425758 6.24 4.14998795178974 7.24 4.14998795178974
287000.0 1610986681.800794 6.7 5.06458290484024 7.7 5.06458290484024
288000.0 1610986692.553732 5.64 4.222605830526927 6.64 4.222605830526927
289000.0 1610986703.5788426 5.56 3.8113514663436643 6.56 3.8113514663436643
290000.0 1610986715.9048522 5.04 3.9897869617311645 6.04 3.9897869617311645
291000.0 1610986728.0731237 6.46 3.9355304597982723 7.46 3.9355304597982723
292000.0 1610986739.1740844 6.84 4.041583847948722 7.84 4.041583847948722
293000.0 1610986750.3921244 6.76 5.06185736661949 7.76 5.06185736661949
294000.0 1610986761.5125194 6.38 4.312261587612699 7.38 4.312261587612699
295000.0 1610986772.3123899 7.3 4.6097722286464435 8.3 4.609772228646444
296000.0 1610986783.491937 5.6 4.331281565541543 6.6 4.331281565541543
297000.0 1610986794.6727505 6.84 4.618917622127504 7.84 4.618917622127504
298000.0 1610986805.6574476 5.48 4.104826427511886 6.48 4.104826427511886
299000.0 1610986816.7175586 6.16 4.253751285630131 7.16 4.253751285630131
300000.0 1610986827.937375 5.8 4.525483399593904 6.8 4.525483399593904
301000.0 1610986839.4105752 6.98 3.717472259479551 7.98 3.717472259479551
302000.0 1610986850.5068982 6.78 4.0511233010117085 7.78 4.0511233010117085
303000.0 1610986861.5929203 6.14 4.266192682005818 7.14 4.266192682005818
304000.0 1610986872.6017995 5.28 3.7685010282604408 6.28 3.7685010282604408
305000.0 1610986883.8251534 5.32 4.134924424944185 6.32 4.134924424944185
306000.0 1610986895.947167 6.16 4.40163605946698 7.16 4.40163605946698
307000.0 1610986907.3770173 6.72 4.005196624386873 7.72 4.005196624386873
308000.0 1610986918.061468 5.12 4.042969205917848 6.12 4.042969205917848
309000.0 1610986929.3060055 6.36 4.366966910797471 7.36 4.366966910797471
310000.0 1610986940.3879447 6.12 3.7504133105565844 7.12 3.7504133105565844
311000.0 1610986951.5700579 7.32 4.571389285545478 8.32 4.571389285545478
312000.0 1610986962.9492207 6.5 3.9204591567825315 7.5 3.9204591567825315
313000.0 1610986973.9819393 4.9 4.437341546466758 5.9 4.437341546466758
314000.0 1610986985.30104 7.2 5.059644256269407 8.2 5.059644256269407
315000.0 1610986996.4019847 6.76 5.116874045743162 7.76 5.116874045743162
316000.0 1610987007.6873229 6.44 4.1528785197739655 7.44 4.1528785197739655
317000.0 1610987018.9827914 6.96 5.153484258247035 7.96 5.153484258247035
318000.0 1610987029.6975586 5.18 4.334466518500287 6.18 4.334466518500287
319000.0 1610987040.8962893 6.22 4.139033703655963 7.22 4.139033703655963
320000.0 1610987052.2608042 6.92 3.713973613261139 7.92 3.713973613261139
321000.0 1610987063.386527 5.58 4.354721575485624 6.58 4.354721575485624
322000.0 1610987074.5950413 5.54 4.341474403932378 6.54 4.341474403932378
323000.0 1610987085.8780603 6.56 4.172097793676462 7.56 4.172097793676462
324000.0 1610987096.9492238 6.24 4.315367886982522 7.24 4.315367886982522
325000.0 1610987107.9435835 5.76 3.5975547250875834 6.76 3.5975547250875834
326000.0 1610987118.9289365 5.64 4.2367912386616355 6.64 4.2367912386616355
327000.0 1610987129.7606373 4.12 3.4271854341427166 5.12 3.4271854341427166
328000.0 1610987141.0928936 8.06 4.5537237509537185 9.06 4.5537237509537185
329000.0 1610987152.5249066 6.1 4.104875150354759 7.1 4.104875150354759
330000.0 1610987163.6307728 5.66 4.773300744767713 6.66 4.773300744767713
331000.0 1610987174.7211032 5.9 4.172529209005013 6.9 4.172529209005013
332000.0 1610987185.7888124 6.36 3.581954773583832 7.36 3.581954773583832
333000.0 1610987196.7536592 5.6 3.815756805667783 6.6 3.815756805667783
334000.0 1610987207.9338503 6.1 3.769615364994153 7.1 3.769615364994153
335000.0 1610987219.0582094 6.72 4.128147284194206 7.72 4.128147284194206
336000.0 1610987230.3207502 6.82 4.430304729925471 7.82 4.430304729925471
337000.0 1610987241.4237285 5.24 4.081960313378855 6.24 4.081960313378855
338000.0 1610987252.376455 6.1 4.253234063627347 7.1 4.253234063627347
339000.0 1610987263.4602695 5.8 4.093897898091744 6.8 4.093897898091744
340000.0 1610987274.6053755 5.88 4.501732999634696 6.88 4.501732999634696
341000.0 1610987285.5398176 5.84 4.15865362827923 6.84 4.15865362827923
342000.0 1610987296.8841097 6.06 4.447066448795206 7.06 4.447066448795206
343000.0 1610987308.021481 5.92 4.293436851754081 6.92 4.293436851754081
344000.0 1610987319.2333314 6.04 4.664590014138435 7.04 4.664590014138435
345000.0 1610987330.237698 6.4 4.724404724407087 7.4 4.724404724407087
346000.0 1610987341.3258028 6.28 4.749905262213131 7.28 4.749905262213131
347000.0 1610987352.5583558 6.32 4.4472013671521555 7.32 4.4472013671521555
348000.0 1610987363.7408187 7.58 4.733244130614858 8.58 4.733244130614858
349000.0 1610987375.4046268 6.42 5.1849397296400666 7.42 5.1849397296400666
350000.0 1610987386.665205 6.48 3.843123729467996 7.48 3.843123729467996
351000.0 1610987398.166457 7.48 5.671825103086308 8.48 5.671825103086308
352000.0 1610987409.3522651 6.16 3.786079766724415 7.16 3.786079766724415
353000.0 1610987420.9777465 6.28 4.157114383800378 7.28 4.157114383800378
354000.0 1610987432.403071 5.9 4.205948168962618 6.9 4.205948168962618
355000.0 1610987443.26319 6.28 3.7631901360414943 7.28 3.7631901360414943
356000.0 1610987454.4653616 6.6 3.8470768123342687 7.6 3.8470768123342687
357000.0 1610987465.8670762 7.18 3.907377637239585 8.18 3.907377637239585
358000.0 1610987476.5649545 5.48 4.267270790563917 6.48 4.267270790563917
359000.0 1610987487.6717956 5.36 4.03861362350993 6.36 4.03861362350993
360000.0 1610987498.6402516 5.78 4.114802546903071 6.78 4.114802546903071
361000.0 1610987509.648782 6.42 4.724785709426408 7.42 4.724785709426408
362000.0 1610987520.9425652 6.58 4.0501358001923835 7.58 4.0501358001923835
363000.0 1610987532.0834432 6.64 4.511141762347976 7.64 4.511141762347976
364000.0 1610987542.9664223 5.12 4.545943246456119 6.12 4.545943246456119
365000.0 1610987553.8922317 6.1 4.323193264243457 7.1 4.323193264243457
366000.0 1610987565.1853237 5.42 3.7528122788117177 6.42 3.7528122788117177
367000.0 1610987576.3901267 6.12 4.072542203587337 7.12 4.072542203587337
368000.0 1610987587.4466825 5.96 4.703020306143702 6.96 4.703020306143702
369000.0 1610987598.583503 6.28 4.454391091945116 7.28 4.454391091945116
370000.0 1610987609.8303185 5.88 4.198285364288616 6.88 4.198285364288616
371000.0 1610987621.1427593 6.14 3.7363618668431995 7.14 3.7363618668431995
372000.0 1610987632.5853093 6.6 4.741307836451879 7.6 4.741307836451879
373000.0 1610987643.996291 7.34 3.484881633570931 8.34 3.484881633570931
374000.0 1610987655.3832233 6.12 3.998199594817647 7.12 3.998199594817647
375000.0 1610987666.3077908 5.94 4.540528603587912 6.94 4.540528603587912
376000.0 1610987677.6925993 5.58 4.66943251370014 6.58 4.66943251370014
377000.0 1610987688.8840601 5.48 4.070577354626736 6.48 4.070577354626736
378000.0 1610987699.792325 6.08 3.999199919983996 7.08 3.999199919983996
379000.0 1610987711.1467865 5.62 4.462689771875253 6.62 4.462689771875253
380000.0 1610987723.1996675 6.06 4.192421734510974 7.06 4.192421734510974
381000.0 1610987734.5837588 5.96 3.984771009731927 6.96 3.984771009731927
382000.0 1610987745.8226123 6.08 3.8876213807417 7.08 3.8876213807417
383000.0 1610987757.1338003 5.38 4.967454076284954 6.38 4.967454076284954
384000.0 1610987768.5340567 6.42 4.2806074335309 7.42 4.2806074335309
385000.0 1610987779.911038 5.16 3.68976964050603 6.16 3.68976964050603
386000.0 1610987791.186763 6.12 4.2456566041073085 7.12 4.2456566041073085
387000.0 1610987802.4365733 6.14 3.8367173468995603 7.14 3.8367173468995603
388000.0 1610987813.4427004 5.38 4.520575184641884 6.38 4.520575184641884
389000.0 1610987825.027728 7.26 3.984018072248167 8.26 3.984018072248167
390000.0 1610987836.349538 5.44 3.9907893955958142 6.44 3.9907893955958142
391000.0 1610987847.6452527 6.6 4.804164859785725 7.6 4.804164859785725
392000.0 1610987858.939739 7.22 4.729862577284883 8.22 4.729862577284883
393000.0 1610987870.225879 5.68 3.93669912490147 6.68 3.93669912490147
394000.0 1610987881.529124 6.36 4.2930641737574815 7.36 4.2930641737574815
395000.0 1610987892.530157 5.56 4.099560952102066 6.56 4.099560952102066
396000.0 1610987903.6851885 5.6 4.132795663954365 6.6 4.132795663954365
397000.0 1610987914.946797 6.0 4.737087712930805 7.0 4.737087712930805
398000.0 1610987925.9128728 6.62 4.36756224912708 7.62 4.36756224912708
399000.0 1610987937.0777898 5.4 4.166533331199932 6.4 4.166533331199932
400000.0 1610987948.3362913 6.04 4.630161984207464 7.04 4.630161984207464
401000.0 1610987959.7775388 5.7 3.971145930332956 6.7 3.971145930332956
402000.0 1610987971.1047456 6.94 3.5236912464062455 7.94 3.5236912464062455
403000.0 1610987982.5946007 6.56 4.1238816665855 7.56 4.1238816665855
404000.0 1610987993.8493092 6.02 4.09140562643207 7.02 4.09140562643207
405000.0 1610988004.842229 6.14 4.200047618777673 7.14 4.200047618777673
406000.0 1610988016.0386047 5.96 4.485353943670443 6.96 4.485353943670443
407000.0 1610988027.5704796 6.66 4.680213670336003 7.66 4.680213670336003
408000.0 1610988038.6889856 5.92 3.9030244682809765 6.92 3.9030244682809765
409000.0 1610988049.845096 5.64 4.353205715332093 6.64 4.353205715332093
410000.0 1610988061.224398 5.56 4.172097793676462 6.56 4.172097793676462
411000.0 1610988072.4750543 5.74 4.136713671503021 6.74 4.136713671503021
412000.0 1610988083.5317762 6.62 4.321527507722241 7.62 4.321527507722241
413000.0 1610988094.74346 6.46 4.0309304136886315 7.46 4.0309304136886315
414000.0 1610988106.215442 6.28 4.841652610421363 7.28 4.841652610421363
415000.0 1610988117.3704834 7.62 3.8256502715224765 8.62 3.8256502715224765
416000.0 1610988128.7973676 6.5 4.7 7.5 4.7
417000.0 1610988140.2022233 6.6 4.46318272088428 7.6 4.46318272088428
418000.0 1610988151.5029655 5.66 3.942638710305574 6.66 3.942638710305574
419000.0 1610988162.6285615 6.36 4.407992740465891 7.36 4.407992740465891
420000.0 1610988174.1589205 6.52 4.006195202433352 7.52 4.006195202433352
421000.0 1610988185.518237 6.3 3.7429934544425802 7.3 3.7429934544425802
422000.0 1610988196.5519617 6.0 4.870318264754368 7.0 4.870318264754368
423000.0 1610988207.7547305 5.68 3.797051487667767 6.68 3.797051487667767
424000.0 1610988218.931168 5.9 4.41927595879687 6.9 4.41927595879687
425000.0 1610988229.835238 5.24 3.78713612113428 6.24 3.78713612113428
426000.0 1610988240.9620821 5.88 3.536325776848055 6.88 3.536325776848055
427000.0 1610988252.0416956 4.96 3.6384612132053844 5.96 3.6384612132053844
428000.0 1610988263.1744711 5.9 4.459820624195552 6.9 4.459820624195552
429000.0 1610988274.2520113 6.58 4.359311872302784 7.58 4.359311872302784
430000.0 1610988285.4823859 5.96 3.52113618026909 6.96 3.52113618026909
431000.0 1610988296.7851515 6.66 3.91208384368229 7.66 3.91208384368229
432000.0 1610988307.869978 6.4 4.4362146025637665 7.4 4.4362146025637665
433000.0 1610988319.1147716 6.56 5.1464939521969715 7.56 5.1464939521969715
434000.0 1610988330.3491073 5.48 3.8587044457952464 6.48 3.8587044457952464
435000.0 1610988341.2171652 5.8 4.923413450036469 6.8 4.923413450036469
436000.0 1610988352.7617445 6.26 4.241744923967023 7.26 4.241744923967023
437000.0 1610988363.955189 6.34 3.942638710305574 7.34 3.942638710305574
438000.0 1610988375.0890667 5.7 4.691481642295961 6.7 4.691481642295961
439000.0 1610988386.141018 6.58 4.205187272880959 7.58 4.205187272880959
440000.0 1610988397.2947655 6.06 4.522875191733683 7.06 4.522875191733683
441000.0 1610988408.4986596 6.5 4.665833258915282 7.5 4.665833258915282
442000.0 1610988419.4585595 5.36 4.126790520489258 6.36 4.126790520489258
443000.0 1610988430.66374 6.16 4.5710392691378186 7.16 4.5710392691378186
444000.0 1610988441.8260252 6.18 4.384928733742432 7.18 4.384928733742432
445000.0 1610988452.7140245 6.02 4.5276483962428005 7.02 4.5276483962428005
446000.0 1610988463.8840094 6.32 4.985739664282523 7.32 4.985739664282523
447000.0 1610988475.0185459 5.46 3.7800000000000002 6.46 3.7800000000000002
448000.0 1610988485.873583 6.6 5.0199601592044525 7.6 5.0199601592044525
449000.0 1610988496.918714 5.56 4.157691667259611 6.56 4.157691667259611
450000.0 1610988508.126519 6.12 4.19351880882869 7.12 4.19351880882869
451000.0 1610988519.3457136 6.32 4.571389285545479 7.32 4.571389285545479
452000.0 1610988530.5361023 7.78 4.065907032877166 8.78 4.065907032877166
453000.0 1610988541.881469 7.88 4.222037422856411 8.88 4.222037422856411
454000.0 1610988553.028779 6.34 3.845048764320161 7.34 3.845048764320161
455000.0 1610988563.9904172 5.68 3.635601738364641 6.68 3.635601738364641
456000.0 1610988575.1352444 5.28 3.594662710185756 6.28 3.594662710185756
457000.0 1610988586.834825 6.28 3.924487227651531 7.28 3.924487227651531
458000.0 1610988597.7729979 5.28 4.079411722295262 6.28 4.079411722295262
459000.0 1610988609.1002605 5.42 3.8527392852358955 6.42 3.8527392852358955
460000.0 1610988620.46501 5.68 4.337925771610206 6.68 4.337925771610206
461000.0 1610988631.7165332 6.52 4.468735839138403 7.52 4.468735839138403
462000.0 1610988642.5205798 5.34 3.5248262368519674 6.34 3.5248262368519674
463000.0 1610988653.6090076 6.06 4.797541036822926 7.06 4.797541036822926
464000.0 1610988664.8325572 7.04 3.7092317263821633 8.04 3.7092317263821633
465000.0 1610988675.9502504 6.46 4.574756824138306 7.46 4.574756824138306
466000.0 1610988687.1383884 6.9 4.535416188179426 7.9 4.535416188179426
467000.0 1610988698.5831168 5.74 3.9233149249072525 6.74 3.9233149249072525
468000.0 1610988709.6332593 6.94 4.610466353851853 7.94 4.610466353851853
469000.0 1610988721.0011096 6.68 4.892606667207165 7.68 4.892606667207165
470000.0 1610988732.2804265 5.72 4.233391075721684 6.72 4.233391075721684
471000.0 1610988743.6254373 6.96 4.638792946446306 7.96 4.638792946446306
472000.0 1610988754.7445202 6.3 4.7717921161760595 7.3 4.7717921161760595
473000.0 1610988766.1743758 5.8 4.156921938165306 6.8 4.156921938165306
474000.0 1610988777.6640434 6.82 4.0776954275668995 7.82 4.0776954275668995
475000.0 1610988788.7471898 5.64 3.866574711550263 6.64 3.866574711550263
476000.0 1610988800.3284473 7.32 4.411076966002748 8.32 4.411076966002748
477000.0 1610988811.78501 6.16 4.076076544914239 7.16 4.076076544914239
478000.0 1610988823.1201267 5.76 3.9575750150818365 6.76 3.9575750150818365
479000.0 1610988834.4160402 6.02 4.0124306847595514 7.02 4.0124306847595514
480000.0 1610988845.8543441 6.04 3.52113618026909 7.04 3.52113618026909
481000.0 1610988857.2683067 6.14 4.219052026225796 7.14 4.219052026225796
482000.0 1610988868.2939117 6.6 4.660472079092417 7.6 4.660472079092417
483000.0 1610988879.663694 5.54 4.253045967303904 6.54 4.253045967303904
484000.0 1610988890.9738624 6.04 4.195044695828639 7.04 4.195044695828639
485000.0 1610988902.3297522 6.62 3.692641331079963 7.62 3.692641331079963
486000.0 1610988913.4742007 4.98 4.25436246692733 5.98 4.25436246692733
487000.0 1610988924.7188063 5.22 4.114802546903071 6.22 4.114802546903071
488000.0 1610988936.1631565 6.16 4.670588827974477 7.16 4.670588827974477
489000.0 1610988947.4819958 6.12 4.19351880882869 7.12 4.19351880882869
490000.0 1610988959.1508648 6.36 4.555260695064554 7.36 4.555260695064554
491000.0 1610988970.4611218 5.6 4.857983120596447 6.6 4.857983120596447
492000.0 1610988981.545231 5.86 4.123154132457335 6.86 4.123154132457335
493000.0 1610988993.018134 6.4 4.386342439892261 7.4 4.386342439892261
494000.0 1610989004.2972987 5.38 3.9994499621823 6.38 3.9994499621823
495000.0 1610989015.5990531 5.2 4.256759330758553 6.2 4.256759330758553
496000.0 1610989026.6839535 6.06 3.786343882956222 7.06 3.786343882956222
497000.0 1610989038.1499624 6.48 4.346216745630618 7.48 4.346216745630618
498000.0 1610989049.5543349 6.26 4.417284233553462 7.26 4.417284233553462
499000.0 1610989060.8556972 7.28 4.749905262213131 8.28 4.749905262213131
500000.0 1610989072.5617132 7.24 4.240565999958024 8.24 4.240565999958024
501000.0 1610989083.9578848 6.66 3.8606217115899866 7.66 3.8606217115899866
502000.0 1610989095.0390067 5.0 3.4756294393965534 6.0 3.4756294393965534
503000.0 1610989106.2795727 6.46 4.148300856977468 7.46 4.148300856977468
504000.0 1610989117.6565194 6.96 3.8676090805561 7.96 3.8676090805561
505000.0 1610989128.8128476 5.38 4.467169125967809 6.38 4.467169125967809
506000.0 1610989139.9874709 6.52 4.215400336860071 7.52 4.215400336860071
507000.0 1610989151.2014132 6.12 4.4794642536803435 7.12 4.4794642536803435
508000.0 1610989162.4907072 6.7 4.605431575867782 7.7 4.605431575867782
509000.0 1610989173.604035 6.3 3.9357337308308855 7.3 3.9357337308308855
510000.0 1610989184.7209225 5.48 3.9407613477601 6.48 3.9407613477601
511000.0 1610989196.0884745 6.5 4.4328320518603 7.5 4.4328320518603
512000.0 1610989207.4155288 6.12 4.301813571041869 7.12 4.301813571041869
513000.0 1610989218.638037 6.38 4.093360477651584 7.38 4.093360477651584
514000.0 1610989230.0922663 5.36 4.170179852236592 6.36 4.170179852236592
515000.0 1610989241.5563173 5.88 3.9478601798949264 6.88 3.9478601798949264
516000.0 1610989252.844419 6.28 4.525660172836666 7.28 4.525660172836666
517000.0 1610989264.57445 6.66 4.33409736854169 7.66 4.33409736854169
518000.0 1610989276.037633 6.2 4.237924020083418 7.2 4.237924020083418
519000.0 1610989287.6212814 6.64 4.092725253422223 7.64 4.092725253422223
520000.0 1610989298.884974 6.92 3.8876213807417 7.92 3.8876213807417
521000.0 1610989310.3346052 5.98 4.324303412111597 6.98 4.324303412111597
522000.0 1610989321.4586694 5.82 4.2458921324028 6.82 4.2458921324028
523000.0 1610989332.3964243 5.46 4.0802450906777645 6.46 4.0802450906777645
524000.0 1610989343.71389 6.88 4.366417295678461 7.88 4.366417295678461
525000.0 1610989355.1138475 6.86 4.322082831228481 7.86 4.322082831228481
526000.0 1610989366.236634 6.64 4.376117000264046 7.64 4.376117000264046
527000.0 1610989377.6305857 7.28 4.322221650956831 8.28 4.322221650956832
528000.0 1610989388.8722801 6.34 5.066004342674807 7.34 5.066004342674807
529000.0 1610989399.9821603 6.06 4.086122856694351 7.06 4.086122856694351
530000.0 1610989411.0527885 5.72 4.035046468133918 6.72 4.035046468133918
531000.0 1610989422.5641654 7.0 3.7202150475476548 8.0 3.7202150475476548
532000.0 1610989433.7411594 6.08 4.088226999568395 7.08 4.088226999568395
533000.0 1610989444.68587 5.42 4.030334973671543 6.42 4.030334973671543
534000.0 1610989455.998351 7.08 4.251305681787655 8.08 4.251305681787655
535000.0 1610989467.1495175 5.46 4.473075004960234 6.46 4.473075004960234
536000.0 1610989478.2873008 6.82 4.676280573276158 7.82 4.676280573276158
537000.0 1610989489.4341161 6.08 4.594953753847801 7.08 4.594953753847801
538000.0 1610989500.688459 6.32 4.244714360236741 7.32 4.244714360236741
539000.0 1610989511.9302742 6.4 4.132795663954365 7.4 4.132795663954365
540000.0 1610989523.261733 7.24 4.254691528183917 8.24 4.254691528183917
541000.0 1610989534.3960972 6.24 3.997799394667021 7.24 3.997799394667021
542000.0 1610989545.7504072 6.82 4.950515124711771 7.82 4.950515124711771
543000.0 1610989556.8171504 6.04 4.617185289762584 7.04 4.617185289762584
544000.0 1610989568.0679193 6.7 5.135172830587107 7.7 5.135172830587107
545000.0 1610989579.2822008 5.26 4.4891424570846485 6.26 4.4891424570846485
546000.0 1610989590.4057367 7.02 4.188030563403281 8.02 4.188030563403281
547000.0 1610989601.6172762 6.76 3.9927935083096897 7.76 3.9927935083096897
548000.0 1610989612.950903 6.38 4.45371754829603 7.38 4.45371754829603
549000.0 1610989624.1458335 5.74 3.804260769190251 6.74 3.804260769190251
550000.0 1610989635.2142806 6.82 4.637628704413496 7.82 4.637628704413496
551000.0 1610989646.5477967 6.02 4.40222670929156 7.02 4.40222670929156
552000.0 1610989657.9893358 6.86 4.963909749381026 7.86 4.963909749381026
553000.0 1610989668.960756 6.52 4.191610668943384 7.52 4.191610668943384
554000.0 1610989680.223041 6.5 4.62709412050371 7.5 4.62709412050371
555000.0 1610989691.551724 6.26 4.471286168430734 7.26 4.471286168430734
556000.0 1610989702.758814 6.7 4.109744517606903 7.7 4.109744517606903
557000.0 1610989713.9742966 6.84 4.473745634253248 7.84 4.473745634253248
558000.0 1610989724.9876857 5.24 4.282802820583735 6.24 4.282802820583735
559000.0 1610989736.0454621 6.2 4.64327470649756 7.2 4.64327470649756
560000.0 1610989747.0734725 6.76 4.14998795178974 7.76 4.14998795178974
561000.0 1610989758.3055458 6.38 4.302975714549176 7.38 4.302975714549176
562000.0 1610989769.5510895 6.08 4.058768286069062 7.08 4.058768286069062
563000.0 1610989780.6903992 8.28 4.152300567155514 9.28 4.152300567155514
564000.0 1610989791.8599615 5.48 3.9559575326335343 6.48 3.9559575326335343
565000.0 1610989803.232501 6.96 4.890644129355559 7.96 4.890644129355559
566000.0 1610989814.396985 7.06 4.679358930451905 8.06 4.679358930451905
567000.0 1610989825.7451594 6.72 4.686320518274438 7.72 4.686320518274438
568000.0 1610989837.0055785 5.98 3.8600000000000003 6.98 3.8600000000000003
569000.0 1610989848.3210468 7.34 4.259624396587098 8.34 4.259624396587098
570000.0 1610989859.6666617 6.5 3.8948684188300895 7.5 3.8948684188300895
571000.0 1610989870.9190254 6.26 4.255866539260835 7.26 4.255866539260835
572000.0 1610989882.1971996 7.48 4.665790393920412 8.48 4.665790393920412
573000.0 1610989893.1073625 5.84 3.6680239911974404 6.84 3.6680239911974404
574000.0 1610989904.261486 6.18 3.973361297440745 7.18 3.973361297440745
575000.0 1610989915.5426745 6.76 4.752094275159112 7.76 4.752094275159112
576000.0 1610989926.904322 7.66 4.9864215626037875 8.66 4.9864215626037875
577000.0 1610989937.9395945 7.2 4.753945729601885 8.2 4.753945729601885
578000.0 1610989948.9111586 5.28 4.4228497600529 6.28 4.4228497600529
579000.0 1610989959.9283674 6.1 4.631414470763764 7.1 4.631414470763764
580000.0 1610989970.674738 6.1 4.177319714841085 7.1 4.177319714841085
581000.0 1610989981.77611 6.1 4.2343830719480255 7.1 4.2343830719480255
582000.0 1610989993.0408866 6.3 5.016971197844373 7.3 5.016971197844373
583000.0 1610990003.873273 6.16 4.496042704423525 7.16 4.496042704423525
584000.0 1610990015.0171845 6.66 4.226629863141555 7.66 4.226629863141555
585000.0 1610990026.2160869 7.26 4.023978131153299 8.26 4.023978131153299
586000.0 1610990036.999499 5.9 3.996248240537617 6.9 3.996248240537617
587000.0 1610990048.1454656 6.94 4.2304136913545465 7.94 4.2304136913545465
588000.0 1610990059.5909953 7.46 4.441666353971221 8.46 4.441666353971221
589000.0 1610990070.6593416 6.36 4.362384668962608 7.36 4.362384668962608
590000.0 1610990081.6691515 6.78 3.822512262897269 7.78 3.822512262897269
591000.0 1610990092.8281019 6.98 4.843511123141972 7.98 4.843511123141972
592000.0 1610990104.0888617 6.92 4.048901085479862 7.92 4.048901085479862
593000.0 1610990115.1721263 6.88 4.650333321386758 7.88 4.650333321386758
594000.0 1610990127.31777 6.78 4.276868012927217 7.78 4.276868012927217
595000.0 1610990139.2180316 5.34 4.145407097017132 6.34 4.145407097017132
596000.0 1610990151.032313 6.22 4.640215512236474 7.22 4.640215512236474
597000.0 1610990162.222588 7.54 4.1627394826003705 8.54 4.1627394826003705
598000.0 1610990174.6903508 5.78 4.383103923020763 6.78 4.383103923020763
599000.0 1610990186.4629595 4.58 3.899179400848338 5.58 3.899179400848338
600000.0 1610990197.6583898 6.8 4.947726750741192 7.8 4.947726750741192
601000.0 1610990209.82378 5.94 4.518451062034423 6.94 4.518451062034423
602000.0 1610990225.5378275 5.74 4.288636146842023 6.74 4.288636146842023
603000.0 1610990239.3150342 7.48 4.657209464904923 8.48 4.657209464904923
604000.0 1610990252.7418714 5.8 4.093897898091744 6.8 4.093897898091744
605000.0 1610990265.362301 6.38 4.117717814518135 7.38 4.117717814518135
606000.0 1610990276.7723446 5.74 3.9182138787973275 6.74 3.9182138787973275
607000.0 1610990288.4267178 6.68 4.429175995600085 7.68 4.429175995600085
608000.0 1610990300.0200653 5.68 4.041979712962449 6.68 4.041979712962449
609000.0 1610990311.5012834 6.56 4.186454347057902 7.56 4.186454347057902
610000.0 1610990322.8611612 6.16 4.080980274394866 7.16 4.080980274394866
611000.0 1610990335.148615 7.38 4.289009209596082 8.38 4.289009209596081
612000.0 1610990346.954673 6.66 4.7269863549623246 7.66 4.7269863549623246
613000.0 1610990358.8328276 7.76 3.875874094962322 8.76 3.875874094962322
614000.0 1610990370.481022 5.4 3.852272056851645 6.4 3.852272056851645
615000.0 1610990382.1740384 5.76 3.8134498816688285 6.76 3.8134498816688285
616000.0 1610990393.7287683 6.64 4.811486256864919 7.64 4.811486256864919
617000.0 1610990405.9716587 7.04 4.4450421820270725 8.04 4.4450421820270725
618000.0 1610990418.0413425 5.86 4.147336494667391 6.86 4.147336494667391
619000.0 1610990429.6759684 6.5 4.838388161361178 7.5 4.838388161361178
620000.0 1610990440.987458 4.78 4.2156375555780405 5.78 4.2156375555780405
621000.0 1610990452.0604033 4.96 3.4580919594481574 5.96 3.4580919594481574
622000.0 1610990463.453892 7.34 4.116357613230416 8.34 4.116357613230416
623000.0 1610990475.5786846 6.5 4.588027898781785 7.5 4.588027898781785
624000.0 1610990487.1380494 5.98 4.221326805638246 6.98 4.221326805638246
625000.0 1610990498.552849 6.88 5.171614834846076 7.88 5.171614834846076
626000.0 1610990510.3341079 5.94 4.1876485048294105 6.94 4.1876485048294105
627000.0 1610990524.2440298 6.26 3.63213435874831 7.26 3.63213435874831
628000.0 1610990537.6905072 5.7 4.69148164229596 6.7 4.69148164229596
629000.0 1610990550.6606007 6.68 3.9417762493576425 7.68 3.9417762493576425
630000.0 1610990563.5969286 7.28 3.9751226396175503 8.28 3.9751226396175503
631000.0 1610990575.883219 6.6 4.54752680036083 7.6 4.54752680036083
632000.0 1610990587.4766853 5.36 3.9937951875377884 6.36 3.9937951875377884
633000.0 1610990598.70472 6.66 3.6693868697644842 7.66 3.6693868697644842
634000.0 1610990610.2353475 6.8 4.656178690729127 7.8 4.656178690729127
635000.0 1610990621.9635427 6.86 3.9950469333913965 7.86 3.9950469333913965
636000.0 1610990633.9712038 6.6 4.94368283772331 7.6 4.94368283772331
637000.0 1610990645.627643 7.06 4.65793945860184 8.06 4.657939458601839
638000.0 1610990657.34159 6.26 4.00903978528525 7.26 4.00903978528525
639000.0 1610990668.6642475 5.62 3.3519546536312212 6.62 3.3519546536312212
640000.0 1610990680.3219252 7.08 4.362751425419514 8.08 4.362751425419514
641000.0 1610990691.9279482 6.24 4.98220834570374 7.24 4.98220834570374
642000.0 1610990703.86517 7.22 3.966308107043627 8.22 3.966308107043627
643000.0 1610990715.443268 5.44 3.4009410462399963 6.44 3.4009410462399963
644000.0 1610990726.697579 5.76 4.67144517253494 6.76 4.67144517253494
645000.0 1610990738.3675985 6.16 4.428814739859865 7.16 4.428814739859865
646000.0 1610990750.3894975 5.96 4.312586231021937 6.96 4.312586231021937
647000.0 1610990763.4983847 5.58 4.200428549564913 6.58 4.200428549564913
648000.0 1610990776.4916694 6.08 4.298092600212331 7.08 4.298092600212331
649000.0 1610990790.0980616 5.82 4.5285317708944035 6.82 4.5285317708944035
650000.0 1610990803.2084684 7.14 4.931571757563708 8.14 4.931571757563708
651000.0 1610990814.7197332 5.42 4.391309599652478 6.42 4.391309599652478
652000.0 1610990826.436528 6.02 4.351965073389262 7.02 4.351965073389262
653000.0 1610990837.824327 6.14 4.703232930655253 7.14 4.703232930655253
654000.0 1610990849.2629788 6.22 3.623754958603023 7.22 3.623754958603023
655000.0 1610990861.9464295 6.34 4.057634779030759 7.34 4.057634779030759
656000.0 1610990875.5560753 5.78 4.09531439574546 6.78 4.09531439574546
657000.0 1610990888.2170599 7.38 4.857530236653191 8.38 4.85753023665319
658000.0 1610990899.7532835 6.56 4.285603808099857 7.56 4.285603808099857
659000.0 1610990911.5249078 7.04 4.467482512556708 8.04 4.467482512556708
660000.0 1610990924.1170719 5.8 3.8052595180880897 6.8 3.8052595180880897
661000.0 1610990937.9213095 7.32 4.424658178887947 8.32 4.424658178887947
662000.0 1610990949.8803554 6.18 4.448325527656446 7.18 4.448325527656446
663000.0 1610990961.7466419 7.38 4.732398968810639 8.38 4.732398968810639
664000.0 1610990973.3981004 6.88 3.9579792824116704 7.88 3.9579792824116704
665000.0 1610990985.323759 7.22 4.090427850482147 8.22 4.090427850482147
666000.0 1610990998.172371 6.68 4.43819783245407 7.68 4.43819783245407
667000.0 1610991010.3535817 6.8 4.543126676640219 7.8 4.543126676640219
668000.0 1610991022.300843 5.44 4.459417002254891 6.44 4.459417002254891
669000.0 1610991034.145158 6.9 4.119465984809197 7.9 4.119465984809197
670000.0 1610991045.76602 7.78 5.017130654069117 8.78 5.017130654069117
671000.0 1610991057.5711284 6.76 4.768899244060415 7.76 4.768899244060415
672000.0 1610991069.5649636 6.6 4.669047011971501 7.6 4.669047011971501
673000.0 1610991081.4616315 6.98 4.211840452818696 7.98 4.211840452818696
674000.0 1610991093.1589308 7.44 4.0701842710128 8.44 4.0701842710128
675000.0 1610991104.9792607 5.94 4.406404429917889 6.94 4.406404429917889
676000.0 1610991117.6035192 4.94 4.206708927415825 5.94 4.206708927415825
677000.0 1610991130.7728553 5.42 4.152541390522194 6.42 4.152541390522194
678000.0 1610991143.2681663 6.06 4.478437227426549 7.06 4.478437227426549
679000.0 1610991155.8626223 5.9 4.759201613716318 6.9 4.759201613716318
680000.0 1610991169.3745751 6.94 4.026959150525369 7.94 4.026959150525369
681000.0 1610991182.0225685 6.04 4.7873165761206975 7.04 4.7873165761206975
682000.0 1610991195.4687285 7.22 4.314116363752837 8.22 4.314116363752837
683000.0 1610991207.175686 5.62 3.6980535420677727 6.62 3.6980535420677727
684000.0 1610991218.5714817 6.52 3.8379161012195144 7.52 3.8379161012195144
685000.0 1610991230.2634165 7.44 4.535019294336023 8.44 4.535019294336022
686000.0 1610991242.2413366 6.96 5.226700680161434 7.96 5.226700680161434
687000.0 1610991254.0561764 6.02 4.110912307505476 7.02 4.110912307505476
688000.0 1610991266.2464178 6.92 4.475890972756151 7.92 4.475890972756151
689000.0 1610991278.1752367 6.48 4.143621604345648 7.48 4.143621604345648
690000.0 1610991290.217464 5.86 5.008033546213524 6.86 5.008033546213524
691000.0 1610991301.6723127 6.74 4.19909514062256 7.74 4.19909514062256
692000.0 1610991313.4311116 6.02 4.259060929359898 7.02 4.259060929359898
693000.0 1610991325.6900516 5.76 4.0672349329735065 6.76 4.0672349329735065
694000.0 1610991351.9977891 6.26 4.2086102219141175 7.26 4.2086102219141175
695000.0 1610991366.2654223 5.4 4.171330722922842 6.4 4.171330722922842
696000.0 1610991378.7026422 6.76 4.479107053866875 7.76 4.479107053866875
697000.0 1610991390.661465 6.68 4.43819783245407 7.68 4.43819783245407
698000.0 1610991402.4802792 6.12 4.6071249169085915 7.12 4.6071249169085915
699000.0 1610991414.3455603 6.06 4.21620682604637 7.06 4.21620682604637
700000.0 1610991426.275983 5.12 3.7450767682385364 6.12 3.7450767682385364
701000.0 1610991438.2068892 5.64 4.112225674741112 6.64 4.112225674741112
702000.0 1610991450.1661055 5.5 3.774917217635375 6.5 3.774917217635375
703000.0 1610991461.2715847 5.58 4.7585291845275055 6.58 4.7585291845275055
704000.0 1610991472.6337097 5.82 4.126451259859978 6.82 4.126451259859978
705000.0 1610991483.7540545 5.78 4.495731308697174 6.78 4.495731308697174
706000.0 1610991495.1515849 6.4 4.427188724235731 7.4 4.427188724235731
707000.0 1610991507.2493713 7.0 4.27551166528639 8.0 4.27551166528639
708000.0 1610991519.2897198 6.76 4.338478996146 7.76 4.338478996146
709000.0 1610991531.3484983 6.2 3.594440151122286 7.2 3.594440151122286
710000.0 1610991543.456199 5.58 4.015420276882608 6.58 4.015420276882608
711000.0 1610991554.9525962 6.72 3.8002105204843586 7.72 3.8002105204843586
712000.0 1610991567.3322084 5.42 3.9602525172013965 6.42 3.9602525172013965
713000.0 1610991579.2307532 5.64 4.590250537824706 6.64 4.590250537824706
714000.0 1610991591.114476 7.08 4.367333282450517 8.08 4.367333282450517
715000.0 1610991603.219988 6.92 4.194472553253865 7.92 4.194472553253865
716000.0 1610991615.2212455 5.32 3.337304301378585 6.32 3.337304301378585
717000.0 1610991627.1382353 5.84 4.424296554255829 6.84 4.424296554255829
718000.0 1610991638.7873762 5.92 4.723727341835048 6.92 4.723727341835048
719000.0 1610991650.925311 5.76 4.221658441892238 6.76 4.221658441892238
720000.0 1610991664.5009766 7.14 4.39094522853565 8.14 4.39094522853565
721000.0 1610991676.5538158 5.78 4.561973257264887 6.78 4.561973257264887
722000.0 1610991687.9766703 5.48 4.162883615956612 6.48 4.162883615956612
723000.0 1610991699.1716368 5.98 3.8183242397680166 6.98 3.8183242397680166
724000.0 1610991710.7039165 6.4 4.084115571332427 7.4 4.084115571332427
725000.0 1610991722.3860567 6.28 4.108722429174304 7.28 4.108722429174304
726000.0 1610991734.6004567 6.14 4.0792646396133705 7.14 4.0792646396133705
727000.0 1610991746.2606041 6.74 4.3534354250407805 7.74 4.3534354250407805
728000.0 1610991757.700427 7.06 3.79689346703328 8.06 3.79689346703328
729000.0 1610991769.5809567 6.52 4.313884560346973 7.52 4.313884560346973
730000.0 1610991781.536102 6.44 4.276260048219706 7.44 4.276260048219706
731000.0 1610991793.5133176 6.12 4.35724683716679 7.12 4.35724683716679
732000.0 1610991805.0933542 5.42 3.9450728763864427 6.42 3.9450728763864427
733000.0 1610991817.2889373 5.8 3.4117444218463966 6.8 3.4117444218463966
734000.0 1610991828.9215453 5.86 4.123154132457335 6.86 4.123154132457335
735000.0 1610991841.4711266 6.24 4.086856983061678 7.24 4.086856983061678
736000.0 1610991853.8147585 6.86 3.9345139471096044 7.86 3.9345139471096044
737000.0 1610991865.0856879 5.4 4.774934554525329 6.4 4.774934554525329
738000.0 1610991877.173184 6.62 5.019521889582712 7.62 5.019521889582712
739000.0 1610991888.7684345 6.58 3.1880401503117866 7.58 3.1880401503117866
740000.0 1610991901.5380895 6.26 4.058620455277877 7.26 4.058620455277877
741000.0 1610991913.3686774 6.62 4.449224651554471 7.62 4.449224651554471
742000.0 1610991925.0859642 7.08 4.1368587116313265 8.08 4.1368587116313265
743000.0 1610991936.6821184 5.72 3.800210520484359 6.72 3.800210520484359
744000.0 1610991948.2407196 6.88 4.722880476997062 7.88 4.722880476997062
745000.0 1610991959.8916798 6.34 4.7269863549623246 7.34 4.7269863549623246
746000.0 1610991971.2722697 6.38 4.516148801800047 7.38 4.516148801800047
747000.0 1610991982.4831176 5.84 4.244337404118575 6.84 4.244337404118575
748000.0 1610991994.0939076 6.8 4.093897898091744 7.8 4.093897898091744
749000.0 1610992005.2943697 6.62 4.390398615160132 7.62 4.390398615160132
750000.0 1610992017.585548 7.76 4.329249357567661 8.76 4.329249357567661
751000.0 1610992029.4911664 6.58 4.543522862273282 7.58 4.543522862273282
752000.0 1610992041.4621818 6.68 4.333312820464269 7.68 4.333312820464269
753000.0 1610992053.2818458 6.52 4.609728842350708 7.52 4.609728842350708
754000.0 1610992064.7653606 6.64 4.430620724006965 7.64 4.430620724006965
755000.0 1610992076.1317377 6.04 5.1184372615086335 7.04 5.1184372615086335
756000.0 1610992087.5376906 5.98 4.183252323252805 6.98 4.183252323252805
757000.0 1610992099.157838 8.52 4.960806386062653 9.52 4.960806386062653
758000.0 1610992110.685921 5.78 3.884790856661398 6.78 3.884790856661398
759000.0 1610992122.3183572 7.0 4.3954521951671826 8.0 4.3954521951671826
760000.0 1610992133.8359053 6.58 4.350126434944162 7.58 4.350126434944162
761000.0 1610992145.453346 6.62 4.9915528645903375 7.62 4.9915528645903375
762000.0 1610992157.3549666 8.02 5.205727614848859 9.02 5.205727614848859
763000.0 1610992168.9120936 6.72 4.02512111619017 7.72 4.02512111619017
764000.0 1610992180.2724366 6.66 4.062560768776266 7.66 4.062560768776266
765000.0 1610992192.1102238 7.04 4.471957065983528 8.04 4.471957065983528
766000.0 1610992203.741528 6.92 4.790991546642511 7.92 4.790991546642511
767000.0 1610992215.0667295 6.56 4.423392363333825 7.56 4.423392363333825
768000.0 1610992227.0717666 7.16 4.7722531366221554 8.16 4.7722531366221554
769000.0 1610992238.4543705 6.06 4.095900389413786 7.06 4.095900389413786
770000.0 1610992250.5311103 6.4 4.698936049788292 7.4 4.698936049788292
771000.0 1610992261.6958613 6.12 3.5419768491620607 7.12 3.5419768491620607
772000.0 1610992273.092432 5.72 3.382543421746423 6.72 3.382543421746423
773000.0 1610992284.3721144 5.64 4.497821694998591 6.64 4.497821694998591
774000.0 1610992295.879144 6.82 4.493061317186758 7.82 4.493061317186758
775000.0 1610992307.3339002 6.66 3.9779894419166064 7.66 3.9779894419166064
776000.0 1610992319.4099662 6.24 5.120781190404449 7.24 5.120781190404449
777000.0 1610992330.9487138 5.48 4.441801436354399 6.48 4.441801436354399
778000.0 1610992342.6891372 7.1 3.8065732621348563 8.1 3.8065732621348563
779000.0 1610992354.2545571 6.06 3.895689926059311 7.06 3.895689926059311
780000.0 1610992365.8556457 6.0 4.331281565541543 7.0 4.331281565541543
781000.0 1610992377.4828534 6.82 4.407675124144247 7.82 4.407675124144247
782000.0 1610992389.285058 6.26 4.79086630996942 7.26 4.79086630996942
783000.0 1610992401.703815 6.26 4.7193643639795395 7.26 4.7193643639795395
784000.0 1610992413.9400225 6.96 5.1184372615086335 7.96 5.1184372615086335
785000.0 1610992426.0763364 7.4 4.862098312457287 8.4 4.862098312457287
786000.0 1610992437.8874512 8.12 5.271204795869727 9.12 5.271204795869727
787000.0 1610992450.017622 6.28 3.8316576047449753 7.28 3.8316576047449753
788000.0 1610992461.5785022 5.24 4.514687143091977 6.24 4.514687143091977
789000.0 1610992474.6249266 6.78 3.9864269716125493 7.78 3.9864269716125493
790000.0 1610992488.4074593 7.32 4.319444408717399 8.32 4.319444408717399
791000.0 1610992501.3178325 6.94 3.926372371540937 7.94 3.926372371540937
792000.0 1610992513.3142145 7.14 4.923454072092072 8.14 4.9234540720920705
793000.0 1610992525.5076702 6.2 3.7416573867739413 7.2 3.7416573867739413
794000.0 1610992537.3199193 6.4 4.707440918375928 7.4 4.707440918375928
795000.0 1610992549.0887268 5.94 4.406404429917889 6.94 4.406404429917889
796000.0 1610992561.294031 6.8 4.6389654018972815 7.8 4.6389654018972815
797000.0 1610992572.905201 5.66 4.456949629511198 6.66 4.456949629511198
798000.0 1610992586.458275 6.74 4.448865023801014 7.74 4.448865023801014
799000.0 1610992598.6012135 6.56 5.134822294880321 7.56 5.134822294880321
800000.0 1610992609.9779751 6.12 4.697403538126142 7.12 4.697403538126142
801000.0 1610992621.3182046 6.14 4.6087308448205135 7.14 4.6087308448205135
802000.0 1610992632.6376922 5.54 4.350678108065455 6.54 4.350678108065455
803000.0 1610992643.936615 6.78 4.708672849115768 7.78 4.708672849115768
804000.0 1610992655.4059734 6.28 3.9448193875005226 7.28 3.9448193875005226
805000.0 1610992666.7037842 5.88 3.7875585804050607 6.88 3.7875585804050607
806000.0 1610992677.8086057 5.92 4.004197797312216 6.92 4.004197797312216
807000.0 1610992689.3450406 6.8 4.621688003316537 7.8 4.621688003316537
808000.0 1610992700.7266798 6.5 3.753664875824692 7.5 3.753664875824692
809000.0 1610992713.4186196 6.8 4.804164859785725 7.8 4.804164859785725
810000.0 1610992726.0888546 6.92 4.590599089443556 7.92 4.590599089443556
811000.0 1610992740.2862358 6.74 4.288636146842023 7.74 4.288636146842023
812000.0 1610992756.6658628 6.56 4.808991578283331 7.56 4.808991578283331
813000.0 1610992769.631625 6.72 4.728805345962128 7.72 4.728805345962128
814000.0 1610992781.5258653 6.96 4.147095369050487 7.96 4.147095369050487
815000.0 1610992794.94406 6.62 4.449224651554471 7.62 4.449224651554471
816000.0 1610992807.4035509 5.56 4.271580503747998 6.56 4.271580503747998
817000.0 1610992819.6395955 7.02 4.554075098195022 8.02 4.554075098195022
818000.0 1610992832.2988467 5.96 4.569288784920472 6.96 4.569288784920472
819000.0 1610992843.9708672 6.6 4.538722287164087 7.6 4.538722287164087
820000.0 1610992857.489515 5.86 4.600043478055397 6.86 4.600043478055397
821000.0 1610992869.6938045 5.84 4.300511597473026 6.84 4.300511597473026
822000.0 1610992882.6458688 6.72 4.516813035758731 7.72 4.516813035758731
823000.0 1610992894.7826717 6.18 4.466273614547143 7.18 4.466273614547143
824000.0 1610992906.4883013 6.02 4.052110561176731 7.02 4.052110561176731
825000.0 1610992918.457057 5.56 3.666933323637069 6.56 3.666933323637069
826000.0 1610992930.0450673 7.26 4.655362499311949 8.26 4.655362499311949
827000.0 1610992941.6877067 6.46 4.984816947491653 7.46 4.984816947491653
828000.0 1610992953.184669 5.36 4.398908955638887 6.36 4.398908955638887
829000.0 1610992964.7804508 7.36 3.8249705881222145 8.36 3.8249705881222145
830000.0 1610992976.8752499 7.22 4.561973257264887 8.22 4.561973257264887
831000.0 1610992988.5942304 6.28 4.190656273186814 7.28 4.190656273186814
832000.0 1610993000.0623052 5.46 3.8220936670887595 6.46 3.8220936670887595
833000.0 1610993012.6716545 6.74 4.625191887911246 7.74 4.625191887911246
834000.0 1610993024.4419134 6.06 3.5632008082621445 7.06 3.5632008082621445
835000.0 1610993036.1540246 6.48 4.285977134796685 7.48 4.285977134796685
836000.0 1610993048.083015 6.56 4.618051537174526 7.56 4.618051537174526
837000.0 1610993059.1975443 5.5 3.8275318418009276 6.5 3.8275318418009276
838000.0 1610993070.6299412 5.26 3.8304568918080775 6.26 3.8304568918080775
839000.0 1610993083.1348298 6.04 3.944413771398736 7.04 3.944413771398736
840000.0 1610993095.3320842 4.68 3.8545557461269127 5.68 3.8545557461269127
841000.0 1610993107.0313306 6.28 3.7365224474101586 7.28 3.7365224474101586
842000.0 1610993119.2441204 6.02 3.921683312048539 7.02 3.921683312048539
843000.0 1610993131.51944 5.8 3.577708763999664 6.8 3.577708763999664
844000.0 1610993143.5070193 5.98 4.388576078866584 6.98 4.388576078866584
845000.0 1610993154.9108741 4.88 3.6201657420620954 5.88 3.6201657420620954
846000.0 1610993166.690908 4.94 4.120242711297479 5.94 4.120242711297479
847000.0 1610993178.5215611 6.18 4.589945533445904 7.18 4.589945533445904
848000.0 1610993189.9420407 6.2 4.261455150532504 7.2 4.261455150532504
849000.0 1610993202.1037538 6.34 5.073893968147146 7.34 5.073893968147146
850000.0 1610993214.3005354 5.74 3.9385784237463137 6.74 3.9385784237463137
851000.0 1610993227.6394413 6.54 4.167541241547587 7.54 4.167541241547587
852000.0 1610993244.354191 5.76 4.188364836066696 6.76 4.188364836066696
853000.0 1610993254.0766141 6.26 3.9436531287627212 7.26 3.9436531287627212
854000.0 1610993263.7855284 4.78 3.3062970223499275 5.78 3.3062970223499275
855000.0 1610993272.1135662 5.84 3.3725954397170144 6.84 3.3725954397170144
856000.0 1610993280.5097582 6.42 4.841859147063243 7.42 4.841859147063243
857000.0 1610993289.7991025 6.8 4.132795663954365 7.8 4.132795663954365
858000.0 1610993297.8879595 6.5 4.775981574503821 7.5 4.775981574503821
859000.0 1610993306.5441034 5.62 3.903280671435248 6.62 3.903280671435248
860000.0 1610993317.9997718 6.46 4.157932178379055 7.46 4.157932178379055
861000.0 1610993327.3299308 6.3 4.784349485562275 7.3 4.784349485562275
862000.0 1610993337.074413 6.7 4.805205510693585 7.7 4.805205510693585
863000.0 1610993345.394853 6.22 4.695913116743111 7.22 4.695913116743111
864000.0 1610993354.2430978 5.2 3.7202150475476548 6.2 3.7202150475476548
865000.0 1610993362.2728055 5.94 4.433553879226009 6.94 4.433553879226009
866000.0 1610993370.855448 6.66 4.425426533115198 7.66 4.425426533115198
867000.0 1610993378.8920708 6.56 4.459417002254892 7.56 4.459417002254892
868000.0 1610993387.1727376 6.34 4.593952546555091 7.34 4.593952546555091
869000.0 1610993395.2223053 6.08 4.475890972756151 7.08 4.475890972756151
870000.0 1610993403.4090607 5.22 3.9511517308248236 6.22 3.9511517308248236
871000.0 1610993411.2380836 6.74 4.1463719080661345 7.74 4.1463719080661345
872000.0 1610993419.4495814 5.34 4.0030488380733 6.34 4.0030488380733
873000.0 1610993427.4729605 6.06 4.13961350852951 7.06 4.13961350852951
874000.0 1610993435.4573157 5.34 4.33409736854169 6.34 4.33409736854169
875000.0 1610993443.1697676 5.58 3.7952075042084323 6.58 3.7952075042084323
876000.0 1610993451.6731014 5.0 3.752332607858744 6.0 3.752332607858744
877000.0 1610993459.6771781 6.06 4.755670299757964 7.06 4.755670299757964
878000.0 1610993467.898908 5.82 4.689093729069616 6.82 4.689093729069616
879000.0 1610993475.6587584 6.1 4.535416188179427 7.1 4.535416188179427
880000.0 1610993483.9360094 5.56 4.030682324371396 6.56 4.030682324371396
881000.0 1610993491.8939786 6.94 5.364363895188319 7.94 5.364363895188319
882000.0 1610993500.2776728 7.46 4.267130183155888 8.46 4.2671301831558885
883000.0 1610993508.1998734 6.04 4.2706439795421955 7.04 4.2706439795421955
884000.0 1610993516.5508363 6.72 5.10309709882146 7.72 5.10309709882146
885000.0 1610993524.5679314 6.34 4.541409472839902 7.34 4.541409472839902
886000.0 1610993548.1208363 6.62 3.9135150440492747 7.62 3.9135150440492747
887000.0 1610993569.408601 6.4 4.294182110716778 7.4 4.294182110716778
888000.0 1610993579.0814233 6.26 5.241412023491379 7.26 5.241412023491379
889000.0 1610993587.7764444 5.32 3.426018096858217 6.32 3.426018096858217
890000.0 1610993596.9845445 4.96 3.643953896525037 5.96 3.643953896525037
891000.0 1610993605.5065532 6.66 4.338709485549822 7.66 4.338709485549822
892000.0 1610993614.7440472 7.22 4.25342215163273 8.22 4.25342215163273
893000.0 1610993624.569081 6.28 4.418325474656659 7.28 4.418325474656659
894000.0 1610993639.2218275 5.82 3.998449699571072 6.82 3.998449699571072
895000.0 1610993648.8974907 5.98 3.992442861206657 6.98 3.992442861206657
896000.0 1610993659.056487 6.04 3.99979999499975 7.04 3.99979999499975
897000.0 1610993668.730529 4.92 4.117474954386487 5.92 4.117474954386487
898000.0 1610993678.6774125 6.8 4.774934554525329 7.8 4.774934554525329
899000.0 1610993688.56669 5.82 4.140966070858345 6.82 4.140966070858345
900000.0 1610993698.5105596 6.18 3.793098996862591 7.18 3.793098996862591
901000.0 1610993708.507044 6.34 4.942104814752516 7.34 4.942104814752516
902000.0 1610993718.2873418 6.22 4.451022354470937 7.22 4.451022354470937
903000.0 1610993728.3122566 5.66 4.347919042484576 6.66 4.347919042484576
904000.0 1610993738.4503403 7.48 4.729651149926388 8.48 4.729651149926388
905000.0 1610993749.049341 5.28 4.308317537043898 6.28 4.308317537043898
906000.0 1610993759.3841634 5.84 4.149023981613025 6.84 4.149023981613025
907000.0 1610993767.6304324 5.78 3.8015260093809693 6.78 3.8015260093809693
908000.0 1610993776.1653564 7.26 4.02894527140789 8.26 4.02894527140789
909000.0 1610993790.391513 5.4 3.752332607858744 6.4 3.752332607858744
910000.0 1610993800.4982219 5.06 4.333174356058154 6.06 4.333174356058154
911000.0 1610993810.739468 5.8 4.064480286580315 6.8 4.064480286580315
912000.0 1610993820.9642632 5.82 4.231737231917879 6.82 4.231737231917879
913000.0 1610993830.9284608 5.4 3.6606010435446255 6.4 3.6606010435446255
914000.0 1610993841.061068 5.12 4.003198721022977 6.12 4.003198721022977
915000.0 1610993851.2006013 5.54 4.229468051658507 6.54 4.229468051658507
916000.0 1610993861.502152 7.48 4.468735839138402 8.48 4.468735839138402
917000.0 1610993871.6835487 5.22 3.517328531712669 6.22 3.517328531712669
918000.0 1610993881.9806554 6.34 4.602651409785451 7.34 4.602651409785451
919000.0 1610993892.2162533 6.64 4.819792526655064 7.64 4.819792526655064
920000.0 1610993903.045871 6.4 4.147288270665544 7.4 4.147288270665544
921000.0 1610993914.0248475 6.58 4.233627286382211 7.58 4.233627286382211
922000.0 1610993923.8118114 6.28 4.08431144747802 7.28 4.08431144747802
923000.0 1610993934.0748837 6.68 4.496398558846847 7.68 4.496398558846847
924000.0 1610993943.954015 6.9 4.539823785126467 7.9 4.539823785126467
925000.0 1610993953.5490537 5.64 4.542070012670434 6.64 4.542070012670434
926000.0 1610993963.388458 5.9 4.224926034855522 6.9 4.224926034855522
927000.0 1610993972.9124463 5.42 3.7260703160300133 6.42 3.7260703160300133
928000.0 1610993983.0311816 6.94 3.8492077106854077 7.94 3.8492077106854077
929000.0 1610993994.1676314 5.94 4.333174356058154 6.94 4.333174356058154
930000.0 1610994003.65819 5.54 4.138647121946978 6.54 4.138647121946978
931000.0 1610994013.369211 6.44 3.955553058675866 7.44 3.955553058675866
932000.0 1610994024.8618946 5.52 3.505652578336878 6.52 3.505652578336878
933000.0 1610994033.9739666 5.04 3.924079509897831 6.04 3.924079509897831
934000.0 1610994043.8018713 6.2 3.97994974842648 7.2 3.97994974842648
935000.0 1610994053.1136084 5.94 4.168500929590876 6.94 4.168500929590876
936000.0 1610994062.1840305 6.34 4.106628787704095 7.34 4.106628787704095
937000.0 1610994071.0641258 7.72 3.924487227651531 8.72 3.924487227651531
938000.0 1610994080.2422292 6.76 4.6241107253178955 7.76 4.6241107253178955
939000.0 1610994089.481458 5.84 4.105411063462464 6.84 4.105411063462464
940000.0 1610994097.9823146 5.84 4.410714227877385 6.84 4.410714227877385
941000.0 1610994106.166992 6.74 4.241744923967023 7.74 4.241744923967023
942000.0 1610994115.3903468 6.8 4.824935232725927 7.8 4.824935232725927
943000.0 1610994124.1468985 6.9 4.224926034855522 7.9 4.224926034855522
944000.0 1610994132.462757 6.42 4.5742321760050615 7.42 4.5742321760050615
945000.0 1610994141.2678237 6.28 4.964030620372924 7.28 4.964030620372924
946000.0 1610994150.2177851 5.56 4.57016411083891 6.56 4.57016411083891
947000.0 1610994159.838979 7.12 4.179186523714872 8.12 4.179186523714872
948000.0 1610994169.0730412 5.6 3.9597979746446663 6.6 3.9597979746446663
949000.0 1610994177.2413552 6.76 4.324627151558849 7.76 4.324627151558849
950000.0 1610994185.6505768 5.7 3.961060464067672 6.7 3.961060464067672
951000.0 1610994194.2966006 8.04 4.681709089638099 9.04 4.681709089638099
952000.0 1610994203.3656933 7.26 4.274622790375778 8.26 4.274622790375778
953000.0 1610994212.0593462 6.9 4.050925820105819 7.9 4.050925820105819
954000.0 1610994220.6799586 6.82 4.126451259859978 7.82 4.126451259859978
955000.0 1610994228.7337315 6.4 3.388214869219483 7.4 3.388214869219483
956000.0 1610994237.1167989 6.8 4.331281565541543 7.8 4.331281565541543
957000.0 1610994245.240819 7.26 4.131876087203003 8.26 4.131876087203003
958000.0 1610994253.525985 6.6 4.898979485566356 7.6 4.898979485566356
959000.0 1610994261.6361337 6.1 3.925557285278104 7.1 3.925557285278104
960000.0 1610994269.7677479 5.72 3.7258019271024057 6.72 3.7258019271024057
961000.0 1610994277.6016867 6.76 4.9053440246327265 7.76 4.9053440246327265
962000.0 1610994286.0483027 6.48 4.552977048042303 7.48 4.552977048042303
963000.0 1610994294.2762644 5.58 3.7846532205738477 6.58 3.7846532205738477
964000.0 1610994302.6427574 6.48 4.5132693250015565 7.48 4.5132693250015565
965000.0 1610994311.1061459 6.84 4.387983591582812 7.84 4.387983591582812
966000.0 1610994320.102242 5.78 4.210890642132612 6.78 4.210890642132612
967000.0 1610994328.2413957 4.76 4.32 5.76 4.32
968000.0 1610994336.530429 5.82 4.320601809933427 6.82 4.320601809933427
969000.0 1610994344.889418 7.1 4.191658383026938 8.1 4.191658383026938
970000.0 1610994353.3650303 6.04 4.440540507640934 7.04 4.440540507640934
971000.0 1610994361.7966945 6.28 5.032057233378809 7.28 5.032057233378809
972000.0 1610994369.8589492 5.54 4.332251146921194 6.54 4.332251146921194
973000.0 1610994378.2180285 5.98 3.94202993392998 6.98 3.94202993392998
974000.0 1610994386.7379107 6.22 4.244007540049853 7.22 4.244007540049853
975000.0 1610994395.6294923 7.46 4.196236408974118 8.46 4.196236408974118
976000.0 1610994403.5787413 5.86 3.8678676295861005 6.86 3.8678676295861005
977000.0 1610994411.9513547 6.38 4.685680313465698 7.38 4.685680313465698
978000.0 1610994419.795654 5.42 3.4646211914147265 6.42 3.4646211914147265
979000.0 1610994428.0054083 5.8 4.381780460041329 6.8 4.381780460041329
980000.0 1610994435.7571611 4.74 4.004047951760818 5.74 4.004047951760818
981000.0 1610994444.1241448 5.54 4.229468051658507 6.54 4.229468051658507
982000.0 1610994453.3807466 6.04 4.436034264971361 7.04 4.436034264971361
983000.0 1610994462.2814124 5.76 3.7765592806150945 6.76 3.7765592806150945
984000.0 1610994471.2814965 6.42 4.045194680111205 7.42 4.045194680111205
985000.0 1610994480.6697905 6.36 4.283736686585673 7.36 4.283736686585673
986000.0 1610994490.3073194 7.28 4.454391091945116 8.28 4.454391091945116
987000.0 1610994498.3593242 6.02 4.688240608159952 7.02 4.688240608159952
988000.0 1610994506.5801513 5.88 4.126208913760911 6.88 4.126208913760911
989000.0 1610994515.6602209 5.94 3.79162234406329 6.94 3.79162234406329
990000.0 1610994525.0963264 6.1 4.405678154382138 7.1 4.405678154382138
991000.0 1610994534.1120758 5.68 4.076469060351127 6.68 4.076469060351127
992000.0 1610994545.1316156 5.74 4.335020184497415 6.74 4.335020184497415
993000.0 1610994555.101045 6.76 4.379771683546986 7.76 4.379771683546986
994000.0 1610994565.0994513 5.4 3.6110940170535573 6.4 3.6110940170535573
995000.0 1610994575.0692563 6.5 4.158124577258358 7.5 4.158124577258358
996000.0 1610994585.1291876 7.04 3.99979999499975 8.04 3.99979999499975
997000.0 1610994594.601496 6.32 3.880412349222696 7.32 3.880412349222696
998000.0 1610994604.2437613 6.58 4.2430649299769145 7.58 4.2430649299769145
999000.0 1610994613.3459895 5.66 3.569929971301958 6.66 3.569929971301958
1000000.0 1610994622.4040902 6.88 4.974494949238566 7.88 4.974494949238566
