1000.0 12.149003744125366 -0.44 0.9624967532412773 0.56 0.9624967532412771
2000.0 25.85387349128723 -0.08 0.9130169768410663 0.92 0.9130169768410663
3000.0 38.29394340515137 0.4 1.61245154965971 1.4 1.61245154965971
4000.0 51.647780656814575 2.94 2.810053380275898 3.94 2.810053380275898
5000.0 63.46184182167053 0.28 1.7209299811439163 1.28 1.7209299811439163
6000.0 76.88081526756287 1.94 2.6714041251746243 2.94 2.6714041251746243
7000.0 89.72260332107544 4.24 3.4960549194770953 5.24 3.4960549194770953
8000.0 103.40078544616699 2.62 3.5938280426308657 3.62 3.5938280426308657
9000.0 116.97377371788025 3.6 3.709447398198282 4.6 3.7094473981982814
10000.0 130.93972635269165 2.24 2.6119724347703213 3.24 2.6119724347703213
11000.0 145.4677128791809 3.18 3.491074333210337 4.18 3.491074333210337
12000.0 159.122713804245 3.34 3.62 4.34 3.62
13000.0 173.8477282524109 3.1 3.4132096331752027 4.1 3.413209633175202
14000.0 188.93939638137817 2.38 3.604941053609615 3.38 3.604941053609615
15000.0 204.57461667060852 3.68 3.0029319006597537 4.68 3.0029319006597532
16000.0 219.8951873779297 3.56 3.8427073789191915 4.56 3.8427073789191915
17000.0 235.11765503883362 3.86 3.4525932282850813 4.86 3.4525932282850813
18000.0 250.66161274909973 3.72 3.510213668710211 4.72 3.510213668710211
19000.0 266.22109174728394 4.66 3.962877742247419 5.66 3.962877742247419
20000.0 281.31254625320435 3.26 2.82 4.26 2.82
21000.0 296.1995840072632 3.98 3.8235585519251565 4.98 3.8235585519251565
22000.0 312.7247667312622 4.0 3.862641583165593 5.0 3.862641583165593
23000.0 331.807599067688 4.06 3.7277875475944175 5.06 3.7277875475944175
24000.0 348.22443318367004 4.52 3.5790501533228056 5.52 3.5790501533228056
25000.0 364.95386004447937 4.34 3.8294124875756075 5.34 3.8294124875756075
26000.0 380.75236678123474 3.4 3.1368774282716245 4.4 3.1368774282716245
27000.0 395.5843608379364 4.48 3.920408142017869 5.48 3.920408142017869
28000.0 411.47127962112427 5.52 4.220142177699704 6.52 4.220142177699704
29000.0 427.20825576782227 5.62 4.21373943190606 6.62 4.21373943190606
30000.0 442.0852997303009 3.52 3.961009972216682 4.52 3.961009972216682
31000.0 457.3783118724823 5.84 4.291200298284852 6.84 4.291200298284852
32000.0 472.96018505096436 4.32 3.6356017383646413 5.32 3.6356017383646413
33000.0 489.0272042751312 3.06 3.13949040450835 4.06 3.13949040450835
34000.0 507.5230345726013 3.72 3.677172827050695 4.72 3.677172827050695
35000.0 523.9377970695496 5.22 3.5512814588539725 6.22 3.5512814588539725
36000.0 540.3031566143036 3.3 3.2878564445547194 4.3 3.2878564445547194
37000.0 556.3161697387695 4.94 4.076321871491504 5.94 4.076321871491504
38000.0 572.1511781215668 3.9 3.6945906403822333 4.9 3.6945906403822333
39000.0 587.9370973110199 4.68 3.455083211733113 5.68 3.455083211733113
40000.0 603.3399477005005 6.54 4.359862383149267 7.54 4.359862383149267
41000.0 619.7239382266998 6.38 4.279672884695745 7.38 4.279672884695745
42000.0 635.3800175189972 5.68 4.360917334690031 6.68 4.360917334690031
43000.0 652.0459914207458 5.66 3.8606217115899866 6.66 3.8606217115899866
44000.0 667.983882188797 6.5 4.6141087980237305 7.5 4.6141087980237305
45000.0 683.8779094219208 4.36 3.609764535257113 5.36 3.609764535257113
46000.0 699.5577743053436 4.02 4.178468619003858 5.02 4.178468619003858
47000.0 715.125768661499 6.02 4.397681207181804 7.02 4.397681207181804
48000.0 730.5788457393646 5.64 4.2415091653797 6.64 4.2415091653797
49000.0 746.2495996952057 4.74 4.426330308506134 5.74 4.426330308506134
50000.0 762.7218170166016 5.54 3.8481683954837527 6.54 3.8481683954837527
51000.0 779.0927541255951 5.64 4.528840911314947 6.64 4.528840911314947
52000.0 795.526661157608 4.58 4.1621628992628334 5.58 4.1621628992628334
53000.0 810.9647555351257 6.04 4.480892768188054 7.04 4.480892768188054
54000.0 828.3148398399353 7.12 5.034441379140292 8.12 5.034441379140292
55000.0 844.3715651035309 3.64 3.637361681218957 4.64 3.637361681218957
56000.0 861.8052580356598 5.7 3.8639358172723313 6.7 3.8639358172723313
57000.0 880.778627872467 5.62 4.170803279945003 6.62 4.170803279945003
58000.0 897.9304966926575 5.18 3.973361297440745 6.18 3.973361297440745
59000.0 915.3845038414001 5.92 4.568763508871958 6.92 4.568763508871958
60000.0 933.5205538272858 6.38 5.039404726750969 7.38 5.039404726750969
61000.0 950.1093964576721 5.62 4.141931916388776 6.62 4.141931916388776
62000.0 967.9698469638824 5.56 3.9706926347930787 6.56 3.9706926347930787
63000.0 985.2794873714447 6.44 4.089792170758803 7.44 4.089792170758803
64000.0 1000.7114045619965 5.92 4.335158589948008 6.92 4.335158589948008
65000.0 1017.0083529949188 5.58 4.123542166632955 6.58 4.123542166632955
66000.0 1032.3803379535675 5.8 5.047771785649585 6.8 5.047771785649585
67000.0 1047.2592933177948 5.5 4.716990566028302 6.5 4.716990566028302
68000.0 1063.7672774791718 5.36 3.740374312819507 6.36 3.740374312819507
69000.0 1080.0251913070679 4.68 3.8389581920099105 5.68 3.8389581920099105
70000.0 1096.5332353115082 4.86 4.400045454310671 5.86 4.400045454310671
71000.0 1113.3957822322845 6.42 4.079656848314573 7.42 4.079656848314573
72000.0 1129.2622680664062 6.1 4.350861983561418 7.1 4.350861983561418
73000.0 1146.0891516208649 6.34 4.844006606106148 7.34 4.844006606106148
74000.0 1162.6595170497894 6.2 4.529900661162451 7.2 4.529900661162451
75000.0 1178.5111210346222 4.54 4.290501136231058 5.54 4.290501136231058
76000.0 1194.9341533184052 5.48 4.17248127617129 6.48 4.17248127617129
77000.0 1210.7070631980896 6.08 4.542422261305084 7.08 4.542422261305084
78000.0 1227.0132055282593 4.54 3.7159655541998773 5.54 3.7159655541998773
79000.0 1243.8340239524841 5.62 3.862071982757442 6.62 3.862071982757442
80000.0 1259.4302411079407 6.32 4.120388331213455 7.32 4.120388331213455
81000.0 1275.6300756931305 5.92 3.933649704790705 6.92 3.933649704790705
82000.0 1291.7408764362335 5.38 4.564602940015703 6.38 4.564602940015703
83000.0 1307.4557332992554 4.86 3.4699279531425433 5.86 3.4699279531425433
84000.0 1325.9841949939728 5.58 4.391309599652478 6.58 4.391309599652478
85000.0 1343.3014929294586 6.2 3.9395431207184424 7.2 3.9395431207184424
86000.0 1360.7500822544098 5.46 4.29516006686596 6.46 4.29516006686596
87000.0 1376.7797961235046 4.96 4.8495773011675976 5.96 4.8495773011675976
88000.0 1392.311763048172 6.32 4.173439828247198 7.32 4.173439828247198
89000.0 1408.1808536052704 6.76 4.97819244304597 7.76 4.97819244304597
90000.0 1423.8438272476196 6.74 4.555480216179189 7.74 4.555480216179189
91000.0 1438.893769979477 4.9 3.9357337308308855 5.9 3.9357337308308855
92000.0 1454.3500037193298 5.66 4.2029037581177136 6.66 4.2029037581177136
93000.0 1470.091712474823 4.98 3.7761885546142953 5.98 3.7761885546142953
94000.0 1485.833872795105 5.52 4.7254206161991545 6.52 4.7254206161991545
95000.0 1501.4796378612518 5.22 4.495731308697174 6.22 4.495731308697174
96000.0 1516.9466710090637 6.54 4.8957532617565604 7.54 4.8957532617565604
97000.0 1534.0126776695251 7.24 4.56315680203957 8.24 4.56315680203957
98000.0 1550.3906252384186 5.16 3.775499966891802 6.16 3.775499966891802
99000.0 1567.392951965332 5.3 4.016217125604641 6.3 4.016217125604641
100000.0 1584.493126153946 5.88 4.510609714883344 6.88 4.510609714883344
