1000.0 5.668402671813965 -0.22 1.0824047302187847 0.78 1.0824047302187847
2000.0 11.56896686553955 1.48 2.071134954559939 2.48 2.071134954559939
3000.0 17.619300603866577 1.94 2.3698945124203314 2.94 2.3698945124203314
4000.0 23.56675148010254 2.68 3.384907679686405 3.68 3.384907679686405
5000.0 29.686386585235596 2.32 2.803141095271517 3.32 2.803141095271517
6000.0 35.56338810920715 3.38 4.20899037775094 4.38 4.20899037775094
7000.0 41.68785357475281 3.76 3.420877080516048 4.76 3.420877080516048
8000.0 47.70738244056702 4.54 3.801105102466913 5.54 3.801105102466913
9000.0 53.77528929710388 4.76 3.922040285361689 5.76 3.922040285361689
10000.0 60.020153522491455 5.32 4.007193531637822 6.32 4.007193531637822
11000.0 66.11691904067993 6.34 4.393677275358308 7.34 4.393677275358308
12000.0 72.06760549545288 4.14 3.130559055504304 5.14 3.130559055504304
13000.0 78.32409453392029 6.1 3.8535697735995385 7.1 3.8535697735995385
14000.0 84.37926697731018 5.88 4.179186523714873 6.88 4.179186523714873
15000.0 90.67510175704956 4.42 4.074751526166963 5.42 4.074751526166963
16000.0 97.03923344612122 6.06 4.410940942701455 7.06 4.410940942701455
17000.0 103.54675722122192 5.76 4.438738559545944 6.76 4.438738559545944
18000.0 110.0923216342926 4.14 3.7736454523444563 5.14 3.7736454523444563
19000.0 116.4243152141571 4.64 4.357797608884561 5.64 4.357797608884561
20000.0 123.26021599769592 5.14 4.4181896745160225 6.14 4.4181896745160225
21000.0 129.68923497200012 5.32 4.221089906647334 6.32 4.221089906647334
22000.0 136.18692803382874 3.74 3.4106304402558774 4.74 3.4106304402558774
23000.0 142.9289128780365 5.66 3.8709688709675776 6.66 3.8709688709675776
24000.0 149.5341796875 4.4 3.725587202039432 5.4 3.725587202039432
25000.0 156.61798644065857 4.2 3.7469987990390394 5.2 3.7469987990390394
26000.0 163.2531898021698 4.96 3.52113618026909 5.96 3.52113618026909
27000.0 170.23347806930542 4.76 4.072149309639813 5.76 4.072149309639813
28000.0 176.9748136997223 4.66 3.7449165544775496 5.66 3.7449165544775496
29000.0 183.78412342071533 5.7 3.9153543900903784 6.7 3.9153543900903784
30000.0 190.95414757728577 4.62 3.923722722109706 5.62 3.923722722109706
31000.0 197.88814067840576 5.72 4.171522503834781 6.72 4.171522503834781
32000.0 205.3822536468506 5.62 4.577728694450994 6.62 4.577728694450994
33000.0 212.54202842712402 4.46 3.3299249240786195 5.46 3.3299249240786195
34000.0 220.10995078086853 5.18 3.983415619791638 6.18 3.983415619791638
35000.0 227.28603887557983 6.16 4.1151427678757395 7.16 4.1151427678757395
36000.0 234.77408576011658 5.76 4.245279731654912 6.76 4.245279731654912
37000.0 245.57514023780823 5.9 3.790778284204973 6.9 3.790778284204973
38000.0 256.39715337753296 5.14 4.472180676135524 6.14 4.472180676135524
39000.0 266.6728925704956 4.98 4.081617326501837 5.98 4.081617326501837
40000.0 276.83839559555054 4.72 4.044947465666273 5.72 4.044947465666273
41000.0 287.24472999572754 6.04 4.171138933193188 7.04 4.171138933193188
42000.0 297.5329284667969 5.04 4.363301502303044 6.04 4.363301502303044
43000.0 308.23979139328003 5.02 3.64686166450004 6.02 3.64686166450004
44000.0 318.57157039642334 5.04 4.166341320631328 6.04 4.166341320631328
45000.0 329.06329894065857 5.0 3.746998799039039 6.0 3.746998799039039
46000.0 338.99856877326965 4.3 3.9357337308308855 5.3 3.9357337308308855
47000.0 349.31838631629944 4.4 3.655133376499413 5.4 3.655133376499413
48000.0 359.3542866706848 4.42 3.894046738291671 5.42 3.894046738291671
49000.0 369.7291269302368 5.58 3.6501506818212315 6.58 3.6501506818212315
50000.0 380.03254771232605 5.18 3.9430445090057 6.18 3.9430445090057
51000.0 389.90060091018677 4.16 3.402116987994387 5.16 3.402116987994387
52000.0 400.43783164024353 5.08 4.371910337598428 6.08 4.371910337598428
53000.0 410.8628611564636 5.62 3.7994210085222195 6.62 3.7994210085222195
54000.0 421.03877997398376 5.02 4.351965073389262 6.02 4.351965073389262
55000.0 431.8556532859802 6.06 4.046776494940139 7.06 4.046776494940139
56000.0 442.12042331695557 4.76 4.012779585275025 5.76 4.012779585275025
57000.0 452.3408818244934 4.78 3.3899262528851564 5.78 3.3899262528851564
58000.0 462.6093816757202 4.28 3.458554611394766 5.28 3.458554611394766
59000.0 472.9197359085083 4.7 3.920459156782532 5.7 3.920459156782532
60000.0 483.59495782852173 5.78 3.7538779948208223 6.78 3.7538779948208223
61000.0 494.1705000400543 5.34 4.259624396587098 6.34 4.259624396587098
62000.0 504.5859041213989 5.9 3.8065732621348563 6.9 3.8065732621348563
63000.0 514.8660695552826 5.46 3.7852873074576516 6.46 3.7852873074576516
64000.0 525.4558930397034 5.82 4.905874030180555 6.82 4.905874030180555
65000.0 535.8437058925629 5.86 4.326707755326214 6.86 4.326707755326214
66000.0 546.4945557117462 5.72 3.7311660375812816 6.72 3.7311660375812816
67000.0 557.3041598796844 6.3 3.5846896657869842 7.3 3.5846896657869842
68000.0 567.6541059017181 6.6 4.525483399593905 7.6 4.525483399593905
69000.0 578.4535043239594 6.72 3.8316576047449753 7.72 3.8316576047449753
70000.0 589.6055309772491 6.62 4.489498858447343 7.62 4.489498858447343
71000.0 600.26304936409 5.9 4.257933771208753 6.9 4.257933771208753
72000.0 610.9396619796753 4.94 4.00204947495655 5.94 4.00204947495655
73000.0 621.7154195308685 5.76 3.552801711325866 6.76 3.552801711325866
74000.0 632.4454567432404 5.68 4.258826129345973 6.68 4.258826129345973
75000.0 643.1261012554169 4.92 3.7991578014080964 5.92 3.7991578014080964
76000.0 653.9241189956665 6.36 4.590250537824706 7.36 4.590250537824706
77000.0 664.6167275905609 5.54 3.8946630149475068 6.54 3.8946630149475068
78000.0 675.2867305278778 6.7 4.1388404173149755 7.7 4.1388404173149755
79000.0 685.9776287078857 6.04 3.9189794589918425 7.04 3.9189794589918425
80000.0 696.4214701652527 5.3 3.9509492530276824 6.3 3.9509492530276824
81000.0 707.1470065116882 6.32 4.360917334690031 7.32 4.360917334690031
82000.0 718.1663675308228 6.86 4.745566351869923 7.86 4.745566351869923
83000.0 728.9303684234619 6.14 4.312818104209821 7.14 4.312818104209821
84000.0 739.4514927864075 5.8 4.345112196480086 6.8 4.345112196480086
85000.0 750.3586077690125 6.86 4.156970050409313 7.86 4.156970050409313
86000.0 761.169350862503 5.94 3.817905184783928 6.94 3.817905184783928
87000.0 771.9001324176788 6.74 4.127032832435429 7.74 4.127032832435429
88000.0 782.7286028862 5.3 3.869108424430621 6.3 3.869108424430621
89000.0 793.320068359375 4.7 3.811823710509184 5.7 3.811823710509184
90000.0 803.9193408489227 5.34 3.403586343843799 6.34 3.403586343843799
91000.0 814.7982702255249 4.3 3.3600595232822883 5.3 3.3600595232822883
92000.0 825.9020812511444 5.1 4.570557952810575 6.1 4.570557952810575
93000.0 836.7388248443604 5.74 4.625191887911246 6.74 4.625191887911246
94000.0 847.7910928726196 5.04 3.4753992576393293 6.04 3.4753992576393293
95000.0 858.7551009654999 5.7 3.930648801406709 6.7 3.930648801406709
96000.0 869.6111550331116 4.76 3.7285922276376646 5.76 3.7285922276376646
97000.0 880.6038017272949 5.28 3.9295801302429245 6.28 3.9295801302429245
98000.0 891.4023542404175 4.18 4.1698441217868085 5.18 4.1698441217868085
99000.0 902.3761796951294 5.72 4.176314164427767 6.72 4.176314164427767
100000.0 913.3343849182129 5.08 3.7408020530362203 6.08 3.7408020530362203
