1000.0 7.282334327697754 0.34 1.4368020044529448 1.34 1.4368020044529448
2000.0 15.578100204467773 0.44 1.7106723824274475 1.44 1.710672382427448
3000.0 23.566261768341064 0.8 1.8654758106177631 1.8 1.8654758106177631
4000.0 31.170334577560425 1.54 2.4183465425782136 2.54 2.4183465425782136
5000.0 39.21929955482483 1.08 1.6833300330000651 2.08 1.6833300330000651
6000.0 47.08126425743103 0.94 2.4528350943347172 1.94 2.4528350943347172
7000.0 55.10226082801819 1.36 2.5279240494919937 2.36 2.5279240494919937
8000.0 62.90323615074158 1.42 2.5384247083575278 2.42 2.5384247083575278
9000.0 70.85621285438538 1.92 3.0320949853195565 2.92 3.0320949853195565
10000.0 78.77980899810791 1.92 2.5206348406701036 2.92 2.5206348406701036
11000.0 87.0313172340393 1.88 2.818794068391659 2.88 2.818794068391659
12000.0 95.7363166809082 1.7 2.609597670139978 2.7 2.609597670139978
13000.0 106.3322184085846 2.22 2.844573781781728 3.22 2.844573781781728
14000.0 114.93968868255615 2.38 3.321987356989789 3.38 3.321987356989789
15000.0 123.16418743133545 2.32 3.4318508126082636 3.32 3.4318508126082636
16000.0 131.99116110801697 3.46 3.7587763966482495 4.46 3.7587763966482495
17000.0 140.91110134124756 4.52 3.5678564993564414 5.52 3.5678564993564414
18000.0 149.99216151237488 4.0 3.82099463490856 5.0 3.82099463490856
19000.0 159.56367182731628 4.24 3.927136361268857 5.24 3.927136361268857
20000.0 169.07013654708862 3.2 3.1496031496047245 4.2 3.1496031496047245
21000.0 178.82341623306274 4.1 4.341658669218482 5.1 4.341658669218482
22000.0 188.61017274856567 3.16 3.562920150662936 4.16 3.562920150662936
23000.0 198.3630452156067 4.04 4.004797123450825 5.04 4.004797123450825
24000.0 208.80908799171448 4.0 3.893584466786357 5.0 3.893584466786357
25000.0 219.25904726982117 2.26 2.651867266663247 3.26 2.651867266663247
26000.0 229.31200981140137 2.46 2.736494107430162 3.46 2.736494107430162
27000.0 239.0940718650818 4.38 4.107992210313939 5.38 4.107992210313939
28000.0 248.56003046035767 4.26 3.1356657985187133 5.26 3.1356657985187133
29000.0 258.5660045146942 2.48 2.7073234014428347 3.48 2.7073234014428347
30000.0 268.5744962692261 2.52 3.195246469366644 3.52 3.195246469366644
31000.0 278.05392384529114 4.76 4.159615366833814 5.76 4.159615366833814
32000.0 287.2299702167511 2.6 2.6758176320519302 3.6 2.6758176320519302
33000.0 296.33484983444214 3.18 3.3863845026812887 4.18 3.3863845026812887
34000.0 305.98615646362305 3.12 3.415494107739025 4.12 3.415494107739025
35000.0 315.5888614654541 4.34 3.3383229322520607 5.34 3.3383229322520607
36000.0 325.3638505935669 3.82 3.564772082475961 4.82 3.564772082475961
37000.0 334.89563727378845 3.38 3.719623636875107 4.38 3.719623636875107
38000.0 344.5307958126068 2.36 3.10328857826661 3.36 3.10328857826661
39000.0 353.63884925842285 4.02 2.9765080211549906 5.02 2.9765080211549906
40000.0 363.53876662254333 4.54 3.014697331408246 5.54 3.014697331408246
41000.0 373.03378891944885 4.3 4.350861983561419 5.3 4.350861983561419
42000.0 382.4507782459259 3.84 3.372595439717014 4.84 3.372595439717014
43000.0 392.1218078136444 2.64 2.805423319215836 3.64 2.805423319215836
44000.0 401.3957574367523 4.5 3.459768778401239 5.5 3.459768778401239
45000.0 410.7367112636566 3.18 3.216768564879979 4.18 3.216768564879979
46000.0 419.97983145713806 2.72 3.256009827994995 3.72 3.256009827994995
47000.0 429.62170028686523 3.46 4.040841496520248 4.46 4.040841496520248
48000.0 439.45966625213623 4.14 3.655188093655373 5.14 3.655188093655373
49000.0 448.7346360683441 2.86 3.5384177254812643 3.86 3.5384177254812643
50000.0 459.22972774505615 4.74 4.189558449287944 5.74 4.189558449287944
51000.0 468.40060544013977 3.44 3.6064386865715603 4.44 3.60643868657156
52000.0 478.33857822418213 3.72 3.677172827050695 4.72 3.677172827050695
53000.0 487.38660049438477 2.9 2.6400757564888173 3.9 2.6400757564888173
54000.0 496.331618309021 3.32 3.641098735272088 4.32 3.641098735272088
55000.0 505.6255316734314 2.98 3.1272352006205097 3.98 3.1272352006205097
56000.0 514.9486801624298 4.18 3.9984496995710725 5.18 3.9984496995710725
57000.0 524.1130051612854 4.86 4.0792646396133705 5.86 4.0792646396133705
58000.0 533.7705013751984 6.5 4.455333881989093 7.5 4.455333881989093
59000.0 542.6190023422241 4.58 3.4990855948376 5.58 3.4990855948376
60000.0 552.0204782485962 3.62 3.5546589147202297 4.62 3.5546589147202297
61000.0 561.1185684204102 2.82 3.26 3.82 3.26
62000.0 570.772486448288 2.62 3.2304179296183957 3.62 3.2304179296183957
63000.0 580.357497215271 4.66 3.8084642574140037 5.66 3.8084642574140037
64000.0 589.969437122345 5.82 3.9124928114949937 6.82 3.9124928114949937
65000.0 599.6643750667572 3.68 3.591322876044425 4.68 3.591322876044425
66000.0 609.4227557182312 4.94 3.9466948197194065 5.94 3.9466948197194065
67000.0 618.9214832782745 3.78 3.5512814588539725 4.78 3.5512814588539725
68000.0 629.3353412151337 4.02 3.8130827423490303 5.02 3.8130827423490303
69000.0 638.911422252655 3.14 3.3046028505707006 4.14 3.3046028505707006
70000.0 649.307169675827 5.4 4.228474902373195 6.4 4.228474902373195
71000.0 659.2953836917877 4.64 4.082940117121484 5.64 4.082940117121484
72000.0 668.6622700691223 2.7 3.1448370387032774 3.7 3.1448370387032774
73000.0 678.523339509964 2.18 2.5666320343983866 3.18 2.5666320343983866
74000.0 688.2513115406036 2.56 2.829558269412383 3.56 2.829558269412383
75000.0 698.2643172740936 2.62 3.3934643065752144 3.62 3.3934643065752144
76000.0 708.6662693023682 3.06 3.4779879240733425 4.06 3.4779879240733425
77000.0 718.5462074279785 4.02 3.5127766794944426 5.02 3.5127766794944426
78000.0 728.4602262973785 1.78 2.9277294957014046 2.78 2.9277294957014046
79000.0 738.0502264499664 4.46 4.035888997482463 5.46 4.035888997482463
80000.0 747.7222378253937 4.26 3.7299329752691266 5.26 3.7299329752691266
81000.0 758.4127125740051 5.42 4.418551798949515 6.42 4.418551798949515
82000.0 768.3441450595856 5.24 4.01776057026797 6.24 4.01776057026797
83000.0 778.1151280403137 3.32 3.126915412990892 4.32 3.126915412990892
84000.0 787.77414894104 3.7 4.172529209005013 4.7 4.172529209005013
85000.0 797.295081615448 4.9 3.5902646142032486 5.9 3.5902646142032486
86000.0 807.0355107784271 3.82 3.891991777997482 4.82 3.891991777997482
87000.0 816.6312022209167 3.5 4.095119045888654 4.5 4.095119045888654
88000.0 827.9845144748688 4.94 3.8802577233993105 5.94 3.8802577233993105
89000.0 839.9559955596924 5.38 4.321527507722241 6.38 4.321527507722241
90000.0 851.9331078529358 5.78 4.109939172299269 6.78 4.109939172299269
91000.0 863.3510346412659 3.42 3.406405730385034 4.42 3.406405730385034
92000.0 873.7011058330536 3.4 4.266145801540309 4.4 4.266145801540309
93000.0 885.3493773937225 4.94 4.220947760870773 5.94 4.220947760870773
94000.0 896.4006772041321 4.86 3.9900375938078576 5.86 3.9900375938078576
95000.0 907.6140213012695 6.22 4.262815970693551 7.22 4.262815970693551
96000.0 918.4549322128296 3.3 3.2326459750489227 4.3 3.2326459750489227
97000.0 930.2110180854797 5.42 3.6115924465531823 6.42 3.6115924465531823
98000.0 941.1509964466095 4.38 3.560280887795231 5.38 3.560280887795231
99000.0 952.5869302749634 5.6 3.065941943351178 6.6 3.065941943351178
100000.0 963.219565153122 4.94 3.518010801575231 5.94 3.518010801575231
