1000.0 10.56696891784668 0.7 1.8681541692269406 1.7 1.8681541692269406
2000.0 21.46871829032898 3.58 3.567015559259589 4.58 3.567015559259589
3000.0 32.76839089393616 3.92 2.8694250295137524 4.92 2.8694250295137524
4000.0 45.61907935142517 4.24 3.739304748211892 5.24 3.739304748211892
5000.0 58.87876057624817 3.98 3.7496133133964626 4.98 3.7496133133964626
6000.0 71.11767792701721 4.82 3.7772476752259707 5.82 3.7772476752259707
7000.0 83.64684438705444 3.2 3.9293765408777004 4.2 3.9293765408777004
8000.0 95.97820591926575 4.16 3.158227350904301 5.16 3.158227350904301
9000.0 108.62884402275085 4.32 3.641098735272088 5.32 3.641098735272088
10000.0 122.424152135849 5.38 4.237404866188738 6.38 4.237404866188738
11000.0 136.21214199066162 4.92 3.3754407119663647 5.92 3.3754407119663647
12000.0 150.14396953582764 4.04 3.994796615598847 5.04 3.994796615598847
13000.0 163.7526547908783 5.64 4.073131473448899 6.64 4.073131473448899
14000.0 177.13933110237122 3.72 3.310830711468045 4.72 3.3108307114680446
15000.0 190.76102995872498 4.8 4.1182520563948 5.8 4.1182520563948
16000.0 205.36603689193726 4.98 3.4028811322172277 5.98 3.4028811322172277
17000.0 219.63524413108826 5.56 3.995797792681707 6.56 3.995797792681707
18000.0 234.31555795669556 5.28 3.815966456875637 6.28 3.815966456875637
19000.0 247.92019748687744 4.24 4.221658441892238 5.24 4.221658441892238
20000.0 262.42690420150757 4.74 3.7831732712102943 5.74 3.7831732712102943
21000.0 278.0219032764435 5.22 4.605605280525026 6.22 4.605605280525026
22000.0 291.8789267539978 5.78 3.8796391584785304 6.78 3.8796391584785304
23000.0 307.3574800491333 5.48 4.021144115795901 6.48 4.021144115795901
24000.0 321.5547730922699 4.72 3.949886074306448 5.72 3.949886074306448
25000.0 335.2840371131897 4.0 3.704051835490427 5.0 3.704051835490427
26000.0 349.3567852973938 5.98 3.9369531366273587 6.98 3.9369531366273587
27000.0 363.1469943523407 5.48 4.661501903893208 6.48 4.661501903893208
28000.0 376.78238892555237 5.52 3.8948170688749943 6.52 3.8948170688749943
29000.0 391.09727334976196 4.58 4.035294289144225 5.58 4.035294289144225
30000.0 405.9232759475708 4.98 3.641373367288776 5.98 3.641373367288776
31000.0 420.2817199230194 5.6 3.423448553724738 6.6 3.423448553724738
32000.0 434.6682131290436 5.36 3.8769059828682977 6.36 3.8769059828682977
33000.0 450.3904662132263 5.66 3.8864379578220465 6.66 3.8864379578220465
34000.0 465.42495107650757 5.86 4.2473992042189765 6.86 4.2473992042189765
35000.0 480.18952560424805 5.32 4.505285784498026 6.32 4.505285784498026
36000.0 493.9138662815094 5.08 3.9841686711282693 6.08 3.9841686711282693
37000.0 508.51847553253174 6.34 4.909623203464804 7.34 4.909623203464804
38000.0 522.2661862373352 4.58 4.368477995824175 5.58 4.368477995824175
39000.0 536.5495188236237 5.84 4.4782139296822345 6.84 4.4782139296822345
40000.0 550.6259698867798 6.8 3.5888716889852725 7.8 3.5888716889852725
41000.0 564.6234872341156 5.34 3.5191476240703516 6.34 3.5191476240703516
42000.0 579.2903771400452 6.24 4.375202852440101 7.24 4.375202852440101
43000.0 597.113519191742 6.54 3.806363093557944 7.54 3.806363093557944
44000.0 615.836240530014 7.32 4.953544185732071 8.32 4.953544185732071
45000.0 629.4927835464478 4.34 4.179042952638798 5.34 4.179042952638798
46000.0 643.4645388126373 6.94 4.48736002567211 7.94 4.48736002567211
47000.0 657.2514073848724 5.12 4.785979523566727 6.12 4.785979523566727
48000.0 671.6200518608093 6.54 4.583492118461643 7.54 4.583492118461643
49000.0 686.1852695941925 5.5 4.153311931459037 6.5 4.153311931459037
50000.0 700.2723534107208 5.14 4.386388035730537 6.14 4.386388035730537
51000.0 714.6841883659363 6.44 4.285603808099857 7.44 4.285603808099857
52000.0 729.384263753891 7.12 4.974494949238566 8.12 4.974494949238566
53000.0 743.6571950912476 6.92 4.325921867070647 7.92 4.325921867070647
54000.0 757.5273613929749 5.54 4.0802450906777645 6.54 4.0802450906777645
55000.0 771.4433641433716 6.12 4.5897276607659405 7.12 4.5897276607659405
56000.0 785.6962132453918 5.1 4.080441152620633 6.1 4.080441152620633
57000.0 800.3583931922913 7.48 5.288629312024052 8.48 5.288629312024052
58000.0 814.7431213855743 6.76 5.278484631028113 7.76 5.278484631028113
59000.0 829.5272445678711 7.3 4.838388161361178 8.3 4.838388161361178
60000.0 844.5568118095398 7.18 4.245892132402801 8.18 4.245892132402801
61000.0 858.8889515399933 5.8 4.233202097703344 6.8 4.233202097703344
62000.0 873.6828541755676 6.8 4.573838650411708 7.8 4.573838650411708
63000.0 887.4680938720703 5.54 3.6672060209374657 6.54 3.6672060209374657
64000.0 901.9401895999908 6.52 4.891789038787343 7.52 4.891789038787343
65000.0 916.963056564331 6.86 4.595693636438356 7.86 4.595693636438356
66000.0 931.7983419895172 7.88 4.470525696156996 8.88 4.470525696156997
67000.0 946.8585207462311 6.04 4.463003472998873 7.04 4.463003472998873
68000.0 961.5406503677368 6.0 4.762352359916263 7.0 4.762352359916263
69000.0 975.7779498100281 5.94 4.8473085315461395 6.94 4.8473085315461395
70000.0 989.9591836929321 6.5 4.360045871318328 7.5 4.360045871318328
71000.0 1004.2568650245667 6.82 4.421266786793124 7.82 4.421266786793124
72000.0 1018.5759246349335 5.72 3.5215905497374336 6.72 3.5215905497374336
73000.0 1035.7247207164764 5.58 4.468064457905682 6.58 4.468064457905682
74000.0 1050.7788445949554 6.56 3.7103099600976734 7.56 3.7103099600976734
75000.0 1065.352621793747 5.14 3.655188093655373 6.14 3.655188093655373
76000.0 1080.762835741043 6.22 5.100156860332827 7.22 5.100156860332827
77000.0 1096.9176893234253 7.2 4.565084884205331 8.2 4.565084884205331
78000.0 1111.5679972171783 6.58 4.181339498294775 7.58 4.181339498294775
79000.0 1125.9176893234253 5.44 4.20076183566743 6.44 4.20076183566743
80000.0 1140.4877531528473 6.04 4.284670349046704 7.04 4.284670349046704
81000.0 1155.537591457367 6.64 5.343257433438894 7.64 5.343257433438894
82000.0 1170.2340409755707 6.42 4.261877520530124 7.42 4.261877520530124
83000.0 1184.987133026123 5.94 4.163700277397498 6.94 4.163700277397498
84000.0 1199.9545776844025 6.04 4.72423538786966 7.04 4.72423538786966
85000.0 1215.6627507209778 6.64 4.999039907822302 7.64 4.999039907822302
86000.0 1230.297488451004 6.36 4.475533487753164 7.36 4.475533487753164
87000.0 1245.9674146175385 7.4 4.857983120596447 8.4 4.857983120596447
88000.0 1261.440277338028 6.1 4.2485291572496005 7.1 4.2485291572496005
89000.0 1277.1389458179474 8.3 5.107837115648853 9.3 5.107837115648853
90000.0 1292.3808727264404 6.78 4.464482052825389 7.78 4.464482052825389
91000.0 1307.3438651561737 5.96 4.853699619877603 6.96 4.853699619877603
92000.0 1321.3074073791504 6.98 4.692504661691878 7.98 4.692504661691878
93000.0 1334.5086278915405 6.5 4.473253849269009 7.5 4.473253849269009
94000.0 1348.1434695720673 6.62 4.30762115325849 7.62 4.30762115325849
95000.0 1362.9782483577728 6.04 4.367882782309983 7.04 4.367882782309983
96000.0 1380.2282228469849 6.16 4.351367601111172 7.16 4.351367601111172
97000.0 1398.9810903072357 7.2 4.4136152981427825 8.2 4.4136152981427825
98000.0 1416.6102304458618 6.56 4.596346375111432 7.56 4.596346375111432
99000.0 1433.443796634674 6.0 4.358898943540674 7.0 4.358898943540674
100000.0 1448.1831669807434 6.32 4.282242403227543 7.32 4.282242403227543
