50.0 1610980455.4474833 -0.7 0.45825756949558394 0.3 0.45825756949558394
100.0 1610980455.726467 -1.0 0.0 0.0 0.0
150.0 1610980456.0234358 -1.0 0.0 0.0 0.0
200.0 1610980456.5836496 -1.0 0.0 0.0 0.0
250.0 1610980457.090438 -1.0 0.0 0.0 0.0
300.0 1610980457.5557773 -1.0 0.0 0.0 0.0
350.0 1610980457.981294 -1.0 0.0 0.0 0.0
400.0 1610980458.4575486 -1.0 0.0 0.0 0.0
450.0 1610980458.9362357 -1.0 0.0 0.0 0.0
500.0 1610980459.3426907 -1.0 0.0 0.0 0.0
550.0 1610980459.7267816 -1.0 0.0 0.0 0.0
600.0 1610980460.1103823 -1.0 0.0 0.0 0.0
650.0 1610980460.5467281 -0.9 0.30000000000000004 0.1 0.30000000000000004
700.0 1610980461.011521 -0.9 0.30000000000000004 0.1 0.30000000000000004
750.0 1610980461.5246377 -1.0 0.0 0.0 0.0
800.0 1610980461.9939084 -1.0 0.0 0.0 0.0
850.0 1610980462.5055125 -1.0 0.0 0.0 0.0
900.0 1610980463.0410626 -1.0 0.0 0.0 0.0
950.0 1610980463.5088012 -1.0 0.0 0.0 0.0
1000.0 1610980463.9913616 -0.9 0.30000000000000004 0.1 0.30000000000000004
